0	37
1	6
1	7
1	9
1	13
1	14
1	16
1	17
1	19
1	21
1	23
1	25
1	26
1	27
1	29
1	30
1	31
1	33
1	34
1	37
1	39
1	40
1	41
1	42
1	44
1	47
1	49
1	50
1	53
1	54
1	56
1	57
1	58
1	60
1	61
1	63
1	65
1	66
1	67
1	70
1	74
1	76
1	77
1	78
1	79
1	81
1	82
1	83
1	95
1	98
1	100
1	107
1	111
1	121
1	146
1	154
1	163
1	165
1	171
1	174
1	180
1	183
1	186
1	195
1	198
1	201
1	207
1	214
1	218
1	224
1	227
1	243
1	275
1	277
1	282
1	283
1	345
2	37
2	66
2	70
2	180
5	37
6	33
6	37
6	66
6	165
6	180
7	37
8	165
9	37
9	165
12	37
13	37
13	165
14	37
14	180
16	37
16	165
17	165
19	37
21	37
21	121
23	37
25	33
25	37
25	165
26	37
27	33
27	37
27	165
27	180
28	37
29	37
30	37
30	165
30	180
31	79
31	195
31	244
33	37
33	39
33	41
33	54
33	70
33	106
33	121
33	165
33	180
33	214
33	220
33	224
33	288
34	37
34	165
37	39
37	41
37	42
37	44
37	47
37	49
37	53
37	54
37	57
37	58
37	60
37	61
37	63
37	65
37	66
37	67
37	70
37	74
37	76
37	81
37	82
37	83
37	88
37	100
37	104
37	108
37	111
37	121
37	125
37	130
37	154
37	163
37	165
37	174
37	180
37	183
37	191
37	195
37	198
37	203
37	214
37	218
37	220
37	224
37	243
37	253
37	255
37	263
37	266
37	269
37	275
37	277
37	282
37	283
37	285
37	386
39	165
41	165
44	66
44	165
44	180
47	165
49	165
49	180
50	165
53	303
54	165
56	165
57	165
58	100
60	121
60	165
60	180
61	165
63	165
63	180
65	66
65	165
65	180
66	121
66	165
67	165
67	404
70	121
70	154
70	165
70	180
74	165
82	165
99	195
100	165
100	180
111	165
121	165
121	180
121	183
121	195
154	165
165	180
165	183
165	198
165	210
165	214
165	243
165	277
180	198
180	243
195	303
195	437
-----------
3	10
3	32
3	56
3	74
3	81
3	95
3	107
3	172
3	196
3	204
3	210
3	226
3	313
3	332
3	333
3	347
8	107
10	11
10	29
10	31
10	32
10	36
10	39
10	49
10	64
10	75
10	77
10	78
10	107
10	115
10	117
10	134
10	138
10	142
10	146
10	204
10	205
10	208
10	209
10	210
10	212
10	215
10	219
10	220
10	223
10	226
10	233
10	239
10	250
10	254
10	260
10	261
10	264
10	267
10	276
10	288
10	292
10	293
10	311
10	346
11	19
11	29
11	31
11	32
11	34
11	36
11	45
11	48
11	49
11	50
11	56
11	58
11	61
11	64
11	74
11	75
11	77
11	78
11	80
11	83
11	95
11	98
11	107
11	115
11	134
11	142
11	145
11	146
11	162
11	172
11	174
11	182
11	193
11	195
11	196
11	204
11	205
11	206
11	209
11	210
11	212
11	215
11	219
11	223
11	226
11	239
11	249
11	250
11	255
11	260
11	261
11	262
11	264
11	266
11	267
11	269
11	274
11	275
11	277
11	279
11	281
11	285
11	287
11	288
11	292
11	306
11	309
11	311
11	313
11	323
11	332
11	333
11	345
11	347
11	348
11	361
11	375
11	390
11	399
11	422
11	429
11	430
11	433
11	448
16	56
16	95
16	107
16	145
16	172
16	204
16	226
16	250
16	318
16	345
16	433
17	39
17	56
17	75
17	95
17	107
17	117
17	138
17	162
17	195
17	196
17	204
17	219
17	239
17	260
17	309
19	36
19	49
19	94
19	107
19	117
19	138
19	146
19	204
19	207
19	209
19	210
19	215
19	220
19	223
19	226
19	239
19	288
19	293
29	49
29	107
29	138
29	206
29	207
29	260
31	56
31	172
31	255
32	95
32	107
32	206
32	260
34	206
36	39
36	49
36	95
36	107
36	195
36	210
36	223
36	233
36	250
36	260
36	277
36	304
39	56
39	61
39	75
39	95
39	107
39	117
39	138
39	146
39	209
39	223
39	233
39	261
39	264
39	274
39	328
39	343
45	52
45	75
45	95
45	107
45	117
45	138
46	95
46	204
46	255
48	95
48	208
49	56
49	58
49	60
49	75
49	107
49	117
49	138
49	146
49	172
49	204
49	206
49	212
49	223
49	233
49	239
49	251
49	254
49	255
49	261
49	264
49	274
49	275
49	302
52	81
52	107
52	207
52	226
52	313
52	333
52	334
52	345
52	375
56	60
56	107
56	138
56	195
56	204
56	208
56	209
56	210
56	212
56	223
56	226
56	239
56	250
56	292
56	304
56	343
56	355
58	62
58	107
58	138
58	146
58	212
58	402
58	420
60	107
60	172
60	204
61	107
61	117
61	138
61	205
61	207
61	209
61	223
61	226
61	233
61	260
61	288
61	293
62	107
64	75
71	138
71	208
74	107
74	138
74	206
74	208
74	226
74	304
75	107
75	117
75	138
75	146
75	162
75	205
75	209
75	210
75	212
75	220
75	223
75	233
75	239
75	249
75	251
75	254
75	260
75	261
75	293
75	309
77	107
77	142
77	208
77	223
77	239
77	260
78	195
81	206
81	223
81	260
84	195
87	239
94	138
95	107
95	206
95	208
95	210
95	212
95	219
95	223
95	239
95	264
95	279
95	292
95	304
95	311
95	343
107	117
107	138
107	145
107	172
107	174
107	182
107	204
107	205
107	206
107	208
107	210
107	212
107	226
107	239
107	250
107	251
107	254
107	255
107	292
107	304
107	305
107	306
107	309
107	311
107	313
107	343
107	345
107	347
107	348
107	375
107	399
117	145
117	146
117	162
117	172
117	209
117	215
117	220
117	226
117	233
117	250
117	255
117	260
117	267
117	275
117	277
117	292
117	426
118	204
134	138
134	204
134	209
138	146
138	204
138	206
138	209
138	210
138	226
138	233
138	250
138	254
138	255
138	260
138	261
138	266
138	269
138	277
138	285
138	293
138	302
138	328
138	334
138	347
142	145
142	204
142	206
142	239
142	255
145	162
145	206
145	208
145	251
146	172
146	210
146	212
146	239
146	347
146	422
162	204
162	226
172	208
172	212
172	223
172	239
172	260
172	292
172	304
172	343
172	355
174	226
182	206
182	260
187	195
195	204
195	219
195	226
204	208
204	209
204	212
204	219
204	223
204	239
204	249
204	251
204	260
204	264
204	292
204	304
204	343
204	355
204	375
205	219
205	226
205	239
205	255
205	260
206	210
206	251
206	279
206	309
206	400
207	254
207	304
208	219
208	226
208	250
208	311
208	313
208	333
208	334
208	361
208	364
208	433
209	210
209	250
209	261
209	264
209	285
209	288
210	220
210	239
210	254
210	255
210	264
210	269
212	226
212	250
212	254
212	255
212	260
215	226
215	255
219	239
220	233
220	249
220	255
220	266
220	277
223	260
223	276
223	285
223	343
223	348
226	239
226	249
226	255
226	260
226	277
226	292
226	304
226	309
226	355
226	447
233	239
233	249
233	254
233	255
233	267
233	285
239	250
239	255
239	260
239	264
239	267
239	318
239	365
239	375
250	261
250	264
250	311
251	260
251	311
254	255
254	262
254	266
254	275
254	277
254	285
254	323
255	261
255	266
255	288
255	292
255	293
255	346
255	355
260	309
260	346
260	400
267	285
275	288
275	293
292	313
292	347
292	433
304	333
304	426
311	347
313	343
313	355
318	343
343	361
-----------
0	251
2	251
6	7
6	8
6	17
6	20
6	25
6	26
6	29
6	33
6	39
6	49
6	52
6	61
6	76
6	95
6	146
6	168
6	198
6	208
6	214
6	218
6	304
6	306
6	307
6	325
6	402
6	432
7	33
7	49
7	57
7	62
7	168
7	251
7	304
8	20
8	39
8	56
8	95
8	172
8	204
8	304
11	14
11	17
11	20
11	25
11	26
11	36
11	37
11	39
11	56
11	57
11	59
11	69
11	95
11	172
11	183
11	198
11	204
11	224
11	233
11	253
11	286
11	307
13	32
13	33
13	60
13	82
13	168
13	251
14	17
14	20
14	25
14	32
14	33
14	39
14	49
14	52
14	60
14	67
14	82
14	208
14	251
14	304
17	20
17	29
17	33
17	37
17	49
17	52
17	57
17	251
17	304
17	354
19	251
20	39
20	52
20	56
20	95
20	172
20	204
20	208
20	251
20	304
20	307
21	32
21	33
21	198
21	208
25	33
25	251
25	304
26	32
26	33
26	60
26	251
29	208
29	251
32	33
32	39
32	49
32	52
32	54
32	56
32	61
32	64
32	67
32	82
32	168
32	198
32	208
32	214
32	233
32	240
32	251
32	304
33	36
33	39
33	47
33	49
33	52
33	57
33	64
33	82
33	94
33	95
33	106
33	146
33	214
33	215
33	220
33	224
33	233
33	240
33	251
33	288
33	293
35	52
36	52
36	251
37	60
37	251
39	52
39	55
39	57
39	67
39	208
39	214
39	251
39	304
40	52
47	49
49	52
49	57
49	61
49	67
49	82
49	94
49	208
49	214
49	251
49	304
51	251
52	54
52	55
52	56
52	65
52	94
52	95
52	100
52	172
52	180
52	198
52	204
52	214
52	251
52	255
52	305
52	307
52	354
52	357
54	55
54	168
54	251
56	60
56	208
56	251
56	304
56	307
57	62
57	75
57	94
57	146
57	251
57	325
57	402
58	251
59	60
59	251
60	65
60	100
60	180
60	204
60	207
60	354
61	82
61	168
61	224
61	251
63	251
64	251
65	251
67	251
71	251
75	168
75	304
76	251
79	168
79	251
82	165
82	198
82	207
82	214
82	251
82	288
84	208
84	251
86	251
87	251
94	251
95	208
95	251
95	304
95	307
100	168
100	198
100	208
100	251
100	304
111	251
118	251
146	251
164	251
165	251
168	198
168	224
168	255
172	208
172	251
172	304
180	251
198	208
198	251
198	304
204	208
204	251
204	304
204	307
207	251
208	214
208	224
208	352
208	358
210	251
214	251
214	270
224	251
227	251
228	251
240	251
243	251
251	253
251	255
251	270
251	302
251	307
251	313
251	318
251	349
251	351
251	354
251	357
255	304
304	307
304	313
304	354
304	357
-----------
0	70
1	11
1	70
6	70
7	70
11	134
13	70
14	70
14	251
19	251
21	70
23	70
25	70
26	70
27	70
30	70
33	70
37	70
39	70
40	70
41	70
47	70
48	283
49	70
54	70
57	70
58	251
61	70
61	251
63	70
64	251
65	70
66	70
67	70
70	76
70	79
70	82
70	100
70	107
70	111
70	121
70	165
70	168
70	180
70	191
70	198
70	214
70	243
70	255
70	308
70	349
82	251
88	251
94	251
95	251
106	251
172	251
193	251
220	251
224	251
251	253
251	255
251	266
251	275
251	277
251	358
-----------
1	23
2	23
5	12
5	23
5	28
5	35
6	23
7	23
11	28
12	28
12	93
13	23
14	23
15	23
15	27
15	28
15	35
19	23
21	23
21	28
21	156
22	23
22	28
22	35
23	24
23	25
23	26
23	27
23	28
23	30
23	33
23	37
23	39
23	40
23	41
23	44
23	46
23	47
23	49
23	53
23	54
23	57
23	59
23	60
23	61
23	63
23	64
23	65
23	66
23	67
23	69
23	70
23	72
23	73
23	76
23	77
23	82
23	88
23	91
23	93
23	95
23	100
23	107
23	111
23	121
23	123
23	127
23	144
23	149
23	153
23	156
23	158
23	159
23	161
23	163
23	165
23	173
23	180
23	184
23	190
23	192
23	198
23	211
23	217
23	218
23	221
23	231
23	243
23	252
23	263
23	271
23	367
23	373
23	379
23	386
24	28
26	28
28	35
28	59
28	72
28	73
28	93
28	123
28	127
28	158
28	159
28	173
28	184
28	217
28	221
28	231
28	271
28	367
28	373
35	59
35	123
35	153
35	158
-----------
1	56
1	66
1	106
1	180
1	204
1	215
1	224
2	37
2	42
2	56
2	66
2	71
2	95
2	106
2	121
2	165
2	180
2	210
2	288
2	376
6	165
9	37
9	84
11	42
11	130
11	165
14	56
15	165
16	53
26	66
26	165
27	66
30	66
33	66
33	121
33	165
36	56
36	165
37	42
37	53
37	56
37	63
37	64
37	66
37	71
37	84
37	92
37	165
37	180
37	204
37	215
37	224
37	240
37	351
37	383
39	56
39	66
39	121
39	165
39	180
40	66
42	44
42	63
42	66
42	71
42	172
44	53
44	63
44	66
44	71
44	82
44	87
44	90
44	106
44	165
44	180
44	251
44	351
44	407
49	56
51	65
53	56
53	63
53	65
53	95
53	121
53	251
56	65
56	66
56	67
56	95
56	121
56	146
56	165
56	172
56	180
56	183
56	204
56	209
56	210
56	242
56	264
56	274
56	286
56	302
60	130
61	66
61	121
61	165
61	180
63	66
63	165
63	180
63	249
64	165
65	66
65	71
65	165
65	180
65	215
65	288
66	67
66	71
66	76
66	82
66	83
66	87
66	90
66	95
66	98
66	121
66	130
66	165
66	168
66	172
66	193
66	204
66	215
66	242
66	243
66	249
66	275
66	383
67	71
71	130
71	154
71	165
71	180
71	351
76	165
82	165
82	180
84	121
84	165
92	165
95	121
95	165
95	180
106	154
121	165
121	180
121	215
121	224
121	240
121	282
121	383
154	165
154	288
165	170
165	172
165	180
165	183
165	193
165	198
165	203
165	204
165	215
165	224
165	275
165	282
165	377
165	383
180	193
180	249
-----------
1	6
2	6
6	9
6	13
6	14
6	16
6	19
6	23
6	25
6	26
6	27
6	30
6	31
6	33
6	37
6	39
6	40
6	41
6	47
6	49
6	54
6	60
6	61
6	63
6	66
6	69
6	70
6	79
6	82
6	100
6	111
6	121
6	146
6	163
6	165
6	168
6	180
6	183
6	214
6	218
6	224
6	255
6	266
6	275
6	277
6	286
6	292
6	304
6	319
6	387
7	33
7	82
14	57
19	57
33	57
33	62
39	57
39	94
39	168
57	61
57	82
58	82
82	94
82	224
94	214
168	325
168	387
168	415
168	435
-----------
1	26
1	27
1	30
1	243
6	26
6	27
6	30
13	26
14	26
14	27
14	30
16	26
19	26
21	26
21	27
21	30
26	27
26	30
26	33
26	34
26	37
26	39
26	41
26	53
26	57
26	60
26	65
26	66
26	68
26	70
26	74
26	76
26	78
26	79
26	82
26	100
26	107
26	121
26	165
26	174
26	180
26	185
26	186
26	191
26	198
26	201
26	234
26	243
26	244
26	279
26	305
27	30
27	37
27	43
27	60
27	65
27	66
27	70
27	76
27	79
27	100
27	107
27	165
27	175
27	176
27	198
27	243
27	246
27	259
27	272
27	278
27	294
27	300
27	335
27	370
30	34
30	37
30	65
30	70
30	96
30	97
30	165
30	170
30	186
30	187
30	189
30	198
30	199
30	200
30	201
30	204
30	216
30	234
30	241
30	310
70	201
70	243
96	97
96	199
96	417
97	200
175	176
186	200
186	201
186	310
200	201
200	216
200	310
201	305
216	310
-----------
1	14
2	14
6	14
7	14
8	14
13	14
14	16
14	17
14	19
14	21
14	23
14	25
14	26
14	27
14	30
14	31
14	33
14	37
14	39
14	40
14	41
14	44
14	47
14	49
14	53
14	54
14	58
14	60
14	61
14	63
14	65
14	66
14	70
14	76
14	79
14	82
14	94
14	100
14	120
14	121
14	160
14	165
14	180
14	186
14	191
14	195
14	198
14	200
14	201
14	208
14	214
14	219
14	232
14	234
14	243
14	244
14	304
14	305
14	307
14	308
14	327
14	343
-----------
1	79
1	82
6	79
6	82
7	82
10	82
13	82
13	224
14	79
14	82
14	277
14	282
19	82
19	106
19	215
19	220
19	224
19	288
21	79
21	82
23	82
28	82
33	82
33	289
37	82
39	79
39	82
40	82
41	82
47	79
47	82
49	79
49	82
54	82
61	82
61	106
61	220
61	224
61	233
61	288
63	82
64	82
70	79
70	82
79	82
79	106
79	168
79	215
79	220
79	224
79	233
79	236
79	267
79	269
79	288
79	293
79	320
82	88
82	95
82	100
82	106
82	111
82	163
82	198
82	207
82	210
82	215
82	220
82	224
82	233
82	236
82	255
82	266
82	269
82	275
82	277
82	282
82	285
82	288
82	289
82	293
82	320
106	224
106	266
106	282
215	277
220	277
224	266
224	269
224	277
224	288
266	269
277	288
-----------
1	65
6	65
13	65
13	100
14	65
16	65
21	65
21	67
23	65
25	65
25	67
25	100
26	65
26	67
27	65
30	65
33	65
37	65
39	65
39	67
39	100
40	65
41	65
44	65
47	65
49	65
49	100
53	65
54	65
54	100
56	65
57	65
60	65
61	65
63	65
64	65
65	66
65	67
65	70
65	82
65	95
65	100
65	107
65	111
65	121
65	163
65	165
65	180
65	191
65	198
65	210
65	214
65	282
65	283
65	324
65	360
67	82
67	180
70	100
100	283
-----------
1	49
13	49
14	49
21	49
23	49
26	49
27	49
33	49
37	49
39	49
39	54
40	49
47	79
49	54
49	61
49	63
49	65
49	66
49	70
49	79
49	82
49	95
49	100
49	165
49	168
49	183
49	204
49	209
49	214
49	264
49	274
49	286
49	297
49	312
49	319
-----------
14	26
14	30
15	97
17	26
17	30
25	26
25	30
25	200
26	27
26	30
26	76
26	82
26	95
26	107
26	168
26	186
26	244
26	251
26	314
27	30
27	32
27	37
27	43
27	54
27	76
27	82
27	176
27	198
27	204
27	205
27	243
27	251
27	272
29	30
29	186
29	201
30	31
30	32
30	37
30	39
30	41
30	54
30	63
30	76
30	77
30	82
30	95
30	96
30	97
30	163
30	165
30	168
30	170
30	172
30	180
30	186
30	187
30	189
30	198
30	199
30	200
30	201
30	204
30	205
30	206
30	207
30	234
30	241
30	251
30	257
30	310
32	186
76	82
76	132
76	136
76	198
76	251
96	97
96	199
97	200
97	257
186	200
186	201
186	206
186	251
200	206
201	251
-----------
0	63
1	63
1	193
2	63
6	63
9	63
13	63
14	63
15	63
19	63
19	282
21	63
23	63
25	63
26	63
27	63
29	63
30	63
33	63
37	63
39	63
40	63
41	63
47	63
54	63
57	63
61	63
63	64
63	65
63	66
63	67
63	70
63	71
63	76
63	78
63	79
63	82
63	83
63	85
63	88
63	91
63	92
63	98
63	100
63	108
63	111
63	121
63	122
63	124
63	125
63	163
63	165
63	180
63	193
63	198
63	203
63	218
63	227
63	238
63	243
63	253
63	263
63	270
63	282
63	386
63	428
71	83
83	121
83	165
83	228
83	398
98	165
-----------
1	16
1	60
1	350
3	344
4	6
4	8
4	14
4	17
4	56
4	60
4	172
4	307
4	344
4	358
4	363
6	16
6	60
6	308
8	53
8	251
8	344
8	350
8	358
14	350
16	17
16	33
16	53
16	121
16	165
16	180
16	305
16	307
16	308
16	344
16	350
16	352
16	357
16	358
16	363
16	399
17	60
17	308
17	327
17	344
17	350
17	408
21	60
21	350
33	60
52	352
52	358
53	60
53	350
56	350
60	147
60	165
60	305
60	307
60	327
60	344
60	350
60	352
60	357
60	358
62	251
107	350
147	350
165	350
168	350
208	344
208	352
251	305
251	332
251	344
251	352
251	357
251	358
251	363
251	371
304	344
305	344
307	308
307	344
307	350
307	358
308	344
327	358
332	350
343	344
343	350
344	350
350	352
350	358
350	361
350	363
350	371
350	390
350	411
358	363
-----------
0	202
2	34
10	25
10	34
10	50
10	54
10	78
10	104
10	108
10	111
10	202
25	52
25	82
25	138
25	212
34	43
34	52
34	55
34	68
34	82
34	118
34	208
34	260
34	346
39	50
39	54
39	104
39	111
39	174
39	202
41	49
41	52
41	54
41	82
41	117
41	118
41	138
41	162
41	395
43	54
43	163
49	54
49	104
49	202
50	52
50	55
50	75
50	118
50	212
50	219
50	311
52	54
52	74
52	77
52	78
52	104
52	111
52	115
52	163
52	174
52	194
52	202
54	82
54	138
54	212
54	255
55	116
55	202
61	108
61	111
61	202
74	117
74	118
75	202
78	118
82	111
82	115
82	116
82	174
104	395
104	397
106	202
108	210
108	395
111	138
111	210
116	117
117	202
138	202
163	260
202	210
202	220
-----------
1	214
7	214
14	146
14	214
19	214
21	146
21	214
26	214
27	214
30	214
33	146
33	214
37	214
39	146
39	214
41	214
49	146
49	214
54	214
57	214
58	214
60	214
61	214
63	214
65	146
65	214
70	214
76	214
79	214
82	146
82	214
94	214
95	214
100	146
100	214
146	168
146	191
146	214
146	251
146	270
168	214
172	214
180	214
183	214
198	214
209	214
210	214
214	251
214	270
214	297
214	377
214	381
251	270
-----------
6	21
7	21
8	21
13	21
16	21
19	21
21	25
21	26
21	29
21	30
21	33
21	39
21	40
21	41
21	49
21	53
21	54
21	56
21	57
21	58
21	60
21	61
21	63
21	66
21	70
21	78
21	79
21	82
21	95
21	100
21	106
21	146
21	180
21	183
21	198
21	214
21	224
21	243
21	277
21	282
21	301
21	304
21	325
-----------
1	76
6	76
14	76
21	76
25	76
26	76
27	76
27	186
30	76
33	76
37	76
39	76
41	76
47	76
49	76
60	76
63	76
65	76
66	76
70	76
76	77
76	78
76	82
76	84
76	100
76	102
76	132
76	136
76	139
76	143
76	150
76	165
76	177
76	180
76	243
76	250
76	301
76	354
76	406
76	442
76	446
442	446
-----------
0	41
1	29
1	34
1	41
1	74
1	174
6	29
6	41
13	29
13	41
14	41
21	41
25	41
26	41
27	41
29	41
29	63
29	82
33	41
34	41
37	41
37	50
37	74
37	174
39	41
40	41
41	47
41	49
41	50
41	51
41	54
41	63
41	65
41	66
41	70
41	74
41	76
41	77
41	78
41	81
41	82
41	100
41	111
41	163
41	165
41	174
41	180
41	198
41	287
41	345
41	348
41	380
50	51
50	277
75	380
-----------
6	49
6	204
6	264
7	56
7	61
7	198
13	39
14	39
14	56
14	95
14	204
14	210
21	39
25	39
33	39
33	183
33	210
36	39
36	49
36	82
36	168
36	183
39	40
39	49
39	56
39	61
39	63
39	65
39	82
39	94
39	95
39	164
39	168
39	183
39	204
39	209
39	214
39	224
39	264
39	274
39	275
39	286
39	297
39	312
39	319
41	49
49	56
49	82
49	95
49	204
56	82
70	183
70	209
70	297
82	95
82	168
82	210
95	183
164	183
168	209
168	210
183	209
209	297
-----------
1	49
7	49
7	209
19	39
19	49
21	319
21	340
33	49
36	49
36	56
36	204
36	210
39	58
39	62
39	198
39	210
39	261
39	273
39	280
39	302
39	328
39	337
39	340
39	369
39	374
39	440
49	57
49	58
49	61
49	62
49	63
49	82
49	94
49	107
49	146
49	164
49	165
49	198
49	210
49	224
49	261
49	266
49	273
49	277
49	280
49	299
49	302
49	312
49	313
49	318
49	338
49	340
49	369
56	164
56	210
95	210
164	210
168	328
183	204
183	209
183	210
183	264
183	297
183	319
204	209
209	210
209	302
210	313
210	319
-----------
1	107
5	107
6	107
6	311
7	107
14	107
14	311
16	107
17	107
20	39
20	70
20	95
20	172
20	311
21	107
25	107
29	107
32	107
33	107
37	107
39	107
39	311
41	107
48	70
48	107
48	251
49	107
54	107
56	311
57	107
60	107
63	107
65	107
70	107
70	311
79	107
82	107
94	107
95	107
95	251
95	311
100	107
106	107
107	121
107	165
107	172
107	180
107	194
107	198
107	204
107	214
107	224
107	251
107	253
172	311
204	311
251	311
251	333
-----------
2	5
2	9
2	11
2	13
2	15
2	17
2	19
2	25
2	26
2	27
2	32
2	33
2	35
2	36
2	37
2	39
2	54
2	56
2	61
2	63
2	64
2	65
2	82
2	111
2	121
2	154
2	163
2	171
2	172
2	193
2	198
2	203
2	214
2	218
2	220
2	255
2	275
9	121
11	53
11	121
15	121
27	32
32	37
32	46
32	121
32	202
33	53
35	121
37	55
39	53
39	121
53	61
53	63
53	82
53	121
54	121
55	56
56	121
63	121
64	121
82	121
121	154
121	172
121	202
121	218
121	220
180	438
-----------
2	15
2	35
5	11
5	13
5	15
5	22
5	23
5	28
5	35
5	184
5	217
10	35
11	35
12	35
14	35
15	21
15	22
15	35
15	40
15	44
15	60
15	63
15	93
15	99
15	154
21	35
21	59
22	35
22	123
24	35
26	35
28	35
32	35
35	37
35	47
35	58
35	59
35	65
35	67
35	72
35	73
35	82
35	93
35	121
35	123
35	127
35	144
35	149
35	153
35	154
35	159
35	165
35	168
35	217
35	221
35	394
121	153
153	165
-----------
0	75
0	87
1	14
1	283
1	359
2	363
2	383
2	385
2	439
3	95
3	368
3	385
9	33
13	63
13	75
13	266
14	36
14	52
14	53
14	56
14	100
14	198
14	243
14	359
14	385
17	58
17	165
17	283
17	391
21	48
21	52
21	58
21	75
21	79
21	100
21	266
21	281
21	359
21	439
25	32
25	100
25	198
25	228
25	269
30	76
30	283
32	41
36	95
36	380
37	53
37	65
37	198
37	218
39	95
39	100
39	297
39	359
41	61
45	359
51	79
51	100
52	79
52	95
52	180
52	203
52	264
52	283
52	368
52	401
53	198
53	383
56	60
56	100
56	198
56	359
56	380
58	100
60	359
61	65
61	79
61	100
61	165
61	180
61	203
61	226
61	255
61	267
61	382
61	396
61	401
61	439
63	349
63	382
65	281
65	357
65	382
65	383
65	385
66	383
75	79
75	107
75	226
75	267
75	283
75	359
79	100
79	240
79	255
87	238
94	100
94	359
94	387
100	198
100	238
100	240
100	255
100	281
100	282
100	315
100	317
100	352
100	359
100	368
100	385
100	387
100	401
107	283
107	385
162	251
162	413
164	165
165	275
172	421
180	383
180	393
191	267
191	281
193	228
193	421
198	282
198	283
198	306
198	327
198	359
198	368
198	385
198	401
198	430
203	283
214	441
226	282
238	281
238	283
238	435
240	359
264	385
279	301
279	382
281	359
281	368
282	359
282	396
283	368
283	382
297	359
301	357
317	407
324	383
327	352
359	380
359	385
359	387
359	391
359	393
359	439
368	385
380	382
383	396
385	413
435	444
-----------
5	14
5	51
13	14
14	15
14	35
14	36
14	39
14	51
14	56
14	59
14	61
14	66
14	95
14	106
14	159
14	164
14	172
14	198
14	204
14	210
14	214
14	224
14	226
14	227
14	240
14	255
14	274
14	302
14	432
14	436
21	51
33	317
39	212
39	317
56	164
56	212
56	317
56	388
59	212
59	388
82	317
95	212
95	317
159	436
172	212
172	317
198	212
198	317
204	317
212	388
240	432
274	302
281	317
306	317
317	318
317	332
317	388
-----------
1	63
6	63
9	56
26	63
27	63
33	63
37	63
39	63
42	56
44	56
47	63
49	63
55	56
56	63
56	83
56	98
56	99
56	130
56	154
56	193
56	195
56	214
56	227
56	249
56	309
56	341
63	65
63	71
63	82
63	95
63	111
63	163
63	198
63	240
71	98
71	193
71	224
-----------
1	5
1	15
1	35
1	72
1	127
2	5
2	15
2	35
5	15
5	22
5	24
5	32
5	35
5	37
5	42
5	53
5	65
5	72
5	93
5	121
5	123
5	158
5	165
5	195
5	221
15	22
15	23
15	29
15	32
15	34
15	35
15	37
15	42
15	63
15	65
15	72
15	74
15	83
15	93
15	98
15	121
15	139
15	165
15	176
15	193
15	221
15	272
15	431
22	35
24	35
24	121
32	35
35	37
35	44
35	53
35	55
35	63
35	73
35	93
35	121
35	123
35	158
35	165
35	221
35	231
35	271
72	121
-----------
0	13
0	64
0	70
1	13
1	64
6	13
13	21
13	23
13	33
13	37
13	39
13	40
13	49
13	51
13	61
13	64
13	66
13	70
13	71
13	82
13	84
13	86
13	87
13	90
13	92
13	101
13	109
13	110
13	119
13	165
13	224
13	351
13	434
37	64
40	64
40	84
51	57
51	58
51	64
51	84
51	86
51	196
51	299
58	299
64	84
64	86
64	110
64	121
64	165
71	86
84	409
84	420
409	420
-----------
0	25
1	25
6	25
13	25
14	25
19	25
21	25
25	26
25	27
25	29
25	33
25	39
25	40
25	41
25	45
25	47
25	49
25	53
25	54
25	58
25	65
25	66
25	69
25	76
25	77
25	78
25	81
25	82
25	91
25	111
25	113
25	121
25	122
25	163
25	165
25	169
25	180
25	218
25	299
25	303
25	449
-----------
1	9
1	52
2	9
3	6
3	9
3	10
3	17
3	20
3	21
3	38
3	48
3	49
3	107
6	9
6	58
6	207
9	10
9	13
9	14
9	19
9	21
9	26
9	27
9	30
9	31
9	37
9	38
9	39
9	41
9	45
9	49
9	52
9	54
9	57
9	58
9	61
9	62
9	67
9	70
9	76
9	98
9	100
9	121
9	258
10	13
10	21
10	40
10	47
10	255
10	285
13	64
21	26
21	38
21	39
21	45
21	49
21	70
21	214
33	52
33	70
38	146
38	204
38	209
38	210
38	214
38	264
39	49
39	70
45	111
47	61
58	207
62	94
69	98
-----------
0	54
1	54
6	54
13	54
14	54
21	54
23	54
25	54
26	54
27	54
33	54
40	54
41	54
47	54
49	54
54	64
54	65
54	66
54	76
54	82
54	85
54	88
54	91
54	104
54	107
54	111
54	116
54	121
54	180
54	218
54	243
54	251
54	263
54	428
-----------
1	77
6	77
14	77
21	77
23	77
26	77
27	77
30	77
31	77
34	77
37	77
39	77
40	77
41	77
49	77
54	77
63	77
65	77
66	77
68	77
68	132
76	77
77	78
77	79
77	81
77	82
77	107
77	139
77	142
77	143
77	145
77	163
77	165
77	176
77	180
77	185
77	186
77	201
77	251
77	276
77	330
77	386
78	81
136	142
139	272
-----------
26	200
26	219
30	222
30	243
30	245
30	268
30	290
30	291
96	97
96	151
96	157
96	166
96	170
96	188
96	189
96	197
96	199
96	284
96	356
97	133
97	148
97	155
97	166
97	167
97	188
97	189
97	219
97	229
97	326
97	366
133	166
133	167
148	155
148	200
148	222
148	229
151	152
151	170
151	199
151	372
151	378
152	213
152	284
152	336
152	372
155	200
155	229
155	256
157	199
166	188
167	366
170	199
170	378
186	187
186	216
186	219
186	234
186	241
186	265
186	268
186	290
186	305
188	189
197	284
199	284
200	216
200	219
200	222
200	229
200	230
200	256
201	216
201	219
201	234
201	305
212	219
213	284
216	241
222	229
222	230
229	230
229	256
230	256
245	290
268	291
284	336
284	356
290	291
336	372
372	378
-----------
0	13
3	18
3	20
6	7
6	13
6	18
7	18
7	134
13	18
17	18
18	19
18	21
18	25
18	31
18	35
18	37
18	39
18	41
18	43
18	44
18	47
18	49
18	57
18	58
18	63
18	66
18	67
18	68
18	75
18	79
18	80
18	94
18	99
18	107
18	134
18	146
18	147
18	214
18	243
18	412
19	106
19	233
21	410
25	115
34	66
37	69
38	49
43	81
44	54
47	111
50	99
54	67
58	214
67	100
68	243
76	410
76	412
94	209
94	210
134	209
134	210
-----------
0	13
13	14
13	23
13	47
13	51
13	64
13	71
13	84
13	86
13	87
13	88
13	89
13	90
13	92
13	102
13	103
13	109
13	110
13	111
13	114
13	119
13	129
13	163
13	247
13	321
13	331
13	335
13	342
13	351
13	353
13	392
13	403
13	425
13	427
13	443
51	64
51	84
64	84
64	87
64	92
71	84
84	247
247	248
