42	20
42	12
20	12
42	20
42	12
12	20
42	20
20	39
42	39
42	20
39	20
42	39
42	20
19	20
42	19
42	20
20	40
42	40
42	20
40	20
42	40
42	20
42	23
20	23
42	20
42	23
23	20
42	20
42	26
20	26
42	20
42	26
26	20
42	20
20	10
42	10
42	20
10	20
42	10
42	20
42	54
54	20
42	12
12	39
42	39
42	12
42	35
35	12
42	12
19	12
42	19
42	12
12	40
42	40
42	12
40	12
42	40
42	12
42	25
12	25
42	12
25	12
42	25
42	12
42	23
12	23
42	12
42	23
23	12
42	12
42	26
26	12
42	12
42	10
12	10
42	12
56	12
42	56
42	12
54	12
42	54
19	39
42	39
42	19
39	40
42	39
42	40
39	25
42	39
42	25
25	39
42	39
42	25
42	26
39	26
42	39
42	26
42	39
26	39
39	10
42	10
42	39
40	35
42	35
42	40
42	35
35	25
42	25
42	35
42	54
54	35
42	54
54	19
42	19
40	25
42	40
42	25
42	23
23	40
42	40
42	40
42	7
40	7
40	10
42	10
42	40
56	40
42	40
42	56
42	40
42	54
54	40
42	16
16	10
42	10
42	16
10	16
42	10
42	23
42	25
25	23
42	23
23	25
42	25
42	26
25	26
42	25
42	26
26	25
42	25
42	26
26	23
42	23
42	23
42	10
23	10
42	26
42	10
26	10
42	26
54	26
42	54
10	7
42	10
42	7
20	19
12	19
20	12
20	19
20	12
19	12
12	40
20	40
20	12
20	40
40	12
20	12
12	23
20	23
20	12
20	23
20	12
23	12
26	12
20	12
20	26
20	10
20	12
12	10
20	39
39	26
20	26
20	39
20	26
26	39
20	19
16	19
20	16
20	19
20	23
19	23
20	19
20	23
23	19
20	19
26	19
20	26
23	40
20	40
20	23
20	8
20	16
16	8
20	23
16	23
20	16
20	23
23	16
20	16
20	10
16	10
20	16
20	10
10	16
20	16
20	8
20	26
26	8
20	10
20	8
8	10
26	23
20	23
20	26
20	10
20	23
23	10
20	10
20	26
26	10
42	20
12	42
12	20
12	42
12	39
42	39
12	42
12	40
42	40
12	42
12	40
40	42
12	42
42	25
12	25
12	42
42	23
12	23
12	42
23	42
12	23
12	42
42	10
12	10
20	39
12	20
12	39
39	20
12	20
12	39
20	19
12	19
12	20
19	20
12	19
12	20
12	40
20	40
12	20
40	20
12	40
12	20
12	23
20	23
12	20
12	23
23	20
12	20
20	10
12	20
12	10
10	20
12	20
12	10
12	11
11	25
12	25
12	11
12	23
23	11
12	11
12	37
11	37
12	11
11	10
12	10
19	25
12	19
12	25
12	23
12	19
19	23
12	23
12	19
23	19
12	40
40	25
12	25
23	40
12	40
12	23
12	40
40	51
12	51
12	23
12	25
25	23
12	23
23	25
12	25
12	37
37	25
12	25
12	37
12	23
23	37
37	23
12	37
12	23
12	23
23	10
12	10
37	51
12	37
12	51
12	37
51	37
12	51
21	15
1	21
1	15
1	16
15	16
1	15
16	15
1	16
1	15
21	16
1	16
1	21
1	16
1	21
16	21
1	25
1	21
25	21
1	25
1	16
16	25
1	25
1	16
25	16
41	33
33	11
41	11
41	33
41	11
11	33
41	33
41	15
33	15
41	33
41	15
15	33
41	33
33	28
41	28
41	33
28	33
41	28
41	33
41	18
18	33
41	33
41	16
33	16
41	33
41	16
16	33
41	33
41	47
47	33
41	33
27	33
41	27
41	15
11	15
41	11
41	15
41	11
15	11
11	28
41	28
41	11
28	11
41	28
41	11
41	18
41	11
11	18
41	18
18	11
41	11
11	16
41	16
41	11
41	16
16	11
41	11
11	8
41	11
41	8
41	11
8	11
41	8
11	37
41	37
41	11
41	40
39	40
41	39
39	38
41	39
41	38
38	39
41	39
41	38
39	37
41	37
41	39
37	39
41	37
41	39
41	15
15	28
41	28
41	15
28	15
41	28
41	15
41	16
15	16
41	15
16	15
41	16
41	15
15	47
41	47
41	15
41	47
47	15
41	15
15	8
41	8
41	15
15	37
41	37
41	18
41	28
18	28
28	16
41	16
41	28
41	16
16	28
41	28
41	47
41	28
47	28
28	8
41	28
41	8
41	28
27	28
41	27
41	40
40	38
41	38
41	40
41	38
38	40
41	40
40	51
41	51
41	40
41	51
51	40
41	16
41	18
18	16
41	18
18	8
41	8
18	27
41	18
41	27
27	18
41	18
41	27
41	16
16	38
41	38
16	47
41	16
41	47
41	16
41	47
47	16
41	16
16	8
41	8
41	16
16	27
41	27
27	16
41	16
41	27
41	37
51	37
41	51
33	15
33	11
11	15
33	15
33	11
15	11
33	28
33	11
11	28
33	28
33	11
28	11
33	11
11	16
33	16
33	11
16	11
33	16
33	28
33	15
15	28
28	15
33	28
33	15
33	15
15	16
33	16
33	15
16	15
33	16
33	15
33	9
15	9
33	28
28	16
33	16
33	28
16	28
33	16
33	28
47	28
33	47
33	28
9	28
33	9
11	12
11	25
12	25
25	12
11	12
11	25
11	14
11	12
14	12
12	37
11	12
11	37
11	12
11	37
37	12
11	12
11	10
12	10
15	1
11	15
11	1
1	16
11	16
11	1
16	1
11	16
11	1
1	25
11	25
11	1
25	1
11	25
11	1
11	3
3	1
11	1
9	1
11	1
11	9
41	33
11	41
11	33
11	41
41	15
11	15
11	41
11	28
41	28
11	41
41	18
11	18
11	41
11	18
18	41
11	41
11	16
41	16
11	41
11	8
41	8
11	41
11	37
41	37
33	15
11	15
11	33
11	15
15	33
11	33
33	28
11	28
11	33
11	28
28	33
11	33
11	18
11	33
18	33
11	16
33	16
11	33
11	16
16	33
11	33
25	33
11	25
11	33
11	14
14	33
11	33
9	33
11	9
11	33
15	28
11	28
11	15
28	15
11	28
11	15
11	16
11	15
15	16
16	15
11	16
11	15
11	15
11	25
15	25
11	15
11	25
25	15
15	3
11	15
11	3
11	14
11	15
15	14
11	14
11	15
14	15
15	8
11	15
11	8
11	15
15	37
11	37
11	15
37	15
11	37
11	28
11	18
18	28
28	16
11	28
11	16
11	28
11	16
16	28
28	25
11	28
11	25
25	28
11	28
11	25
11	28
11	3
28	3
3	28
11	28
11	3
11	14
11	28
28	14
11	14
11	28
14	28
11	28
9	28
11	9
28	8
11	28
11	8
11	16
18	16
11	18
11	25
11	18
18	25
11	3
18	3
11	18
11	3
11	18
3	18
11	14
18	14
11	18
18	8
11	8
11	18
11	16
16	25
11	25
11	16
11	25
25	16
11	16
11	3
16	3
3	16
11	16
11	3
11	16
9	16
11	9
11	16
11	8
16	8
11	16
24	16
11	24
11	7
16	7
11	16
16	10
11	16
11	10
11	16
11	10
10	16
11	25
11	3
25	3
11	25
3	25
11	3
11	14
25	14
11	25
11	14
11	25
14	25
11	25
11	9
9	25
25	8
11	25
11	8
11	25
11	37
37	25
11	7
25	7
11	25
3	8
11	3
11	8
11	3
11	8
8	3
24	8
11	8
11	24
11	10
11	8
8	10
11	7
11	10
7	10
11	7
10	7
11	10
42	20
39	20
39	42
39	40
39	42
42	40
39	40
40	42
39	42
39	42
39	25
42	25
42	26
39	26
39	42
39	10
42	10
39	42
39	20
20	40
39	40
40	20
39	20
39	40
39	20
25	20
39	25
39	20
39	26
20	26
39	20
39	26
26	20
39	20
20	10
39	10
39	20
10	20
39	10
40	38
39	40
39	38
39	40
39	38
38	40
39	40
39	25
40	25
38	25
39	38
39	25
39	37
39	25
37	25
39	26
25	26
39	25
26	25
39	26
39	25
39	10
25	10
39	25
39	26
39	10
26	10
46	35
35	14
46	14
46	35
29	35
46	29
46	21
21	14
46	14
14	21
46	21
46	14
35	14
14	12
35	12
33	28
35	33
35	28
35	33
28	33
35	28
28	25
35	25
35	28
19	20
20	12
19	12
19	20
12	20
19	12
20	39
19	20
19	39
39	20
19	20
19	39
19	20
25	20
19	25
19	20
3	20
19	3
19	20
20	23
19	23
19	20
23	20
19	23
12	39
19	12
19	39
19	25
19	12
12	25
25	12
19	25
19	12
14	12
19	14
19	12
12	23
19	12
19	23
19	12
19	23
23	12
19	25
19	39
39	25
25	39
19	25
19	39
23	39
19	23
19	39
19	3
19	13
3	13
14	13
19	13
19	14
19	25
19	3
25	3
19	25
3	25
19	3
25	14
19	25
19	14
19	25
14	25
19	14
19	25
19	23
25	23
19	25
23	25
19	23
19	25
19	0
25	0
3	23
19	3
19	23
19	0
23	0
19	23
15	1
15	28
28	1
15	1
1	16
15	16
15	1
16	1
15	16
15	1
1	25
15	25
15	1
25	1
15	25
15	1
14	1
15	14
15	1
15	6
6	1
15	1
52	1
15	52
33	11
15	33
15	11
15	33
15	11
11	33
33	28
15	28
15	33
15	28
28	33
15	33
15	45
15	33
45	33
13	33
15	13
15	33
15	16
15	33
33	16
15	16
15	33
16	33
15	47
15	33
47	33
25	33
15	25
15	33
14	33
15	14
15	33
33	9
15	9
15	33
15	9
9	33
15	33
15	28
11	28
15	11
28	11
15	28
15	11
13	11
15	13
15	11
11	16
15	16
15	11
15	16
16	11
15	11
11	25
15	25
15	11
25	11
15	25
15	11
15	3
11	3
15	11
15	3
3	11
15	11
11	14
15	14
15	11
15	8
11	8
15	11
15	8
15	11
8	11
15	37
11	37
15	11
28	16
15	28
15	16
15	28
15	16
16	28
15	28
15	47
47	28
25	28
15	28
15	25
15	28
15	3
28	3
15	28
3	28
15	3
15	28
28	14
15	14
15	28
14	28
15	14
15	28
9	28
15	9
28	8
15	8
15	28
15	13
15	49
49	13
13	49
15	13
15	49
15	31
15	49
49	31
15	31
15	49
31	49
15	24
15	49
49	24
15	16
15	13
13	16
15	16
15	13
16	13
15	3
15	13
3	13
14	13
15	13
15	14
15	13
15	31
13	31
31	13
15	13
15	31
15	13
15	24
13	24
24	13
15	13
15	24
16	47
15	47
15	16
15	47
15	16
47	16
16	25
15	16
15	25
15	16
15	25
25	16
15	3
15	16
16	3
3	16
15	3
15	16
15	8
15	16
16	8
24	16
15	16
15	24
15	0
15	16
16	0
15	0
15	16
0	16
15	3
15	25
25	3
15	3
3	25
15	25
25	14
15	14
15	25
14	25
15	14
15	25
15	9
15	25
9	25
15	8
25	8
15	25
25	31
15	25
15	31
15	37
15	25
37	25
15	0
15	25
25	0
14	31
15	14
15	31
31	14
15	14
15	31
15	36
15	14
36	14
15	9
52	9
15	52
50	32
50	53
53	32
50	32
32	4
50	4
50	32
32	31
50	31
50	32
32	30
50	30
50	32
30	32
50	30
50	32
32	17
50	17
50	32
57	32
50	57
49	34
50	34
50	49
30	49
50	30
50	49
34	31
50	34
50	31
31	34
50	34
50	31
50	34
34	30
50	30
50	34
50	30
30	34
53	21
50	21
50	53
38	21
50	21
50	38
21	31
50	21
50	31
31	21
50	21
50	31
50	30
50	21
21	30
30	21
50	30
50	21
53	4
50	53
50	4
53	57
50	53
50	57
57	53
50	53
50	57
38	4
50	4
50	38
29	38
50	29
50	38
31	4
50	31
50	4
50	30
30	4
50	4
4	17
50	4
50	17
17	4
50	4
50	17
50	57
50	4
57	4
50	29
31	29
50	31
50	30
50	31
31	30
50	30
30	31
50	31
17	31
50	31
50	17
50	31
50	57
57	31
50	29
50	30
29	30
30	29
50	29
50	30
50	29
57	29
50	57
30	17
50	30
50	17
50	30
17	30
50	17
50	30
50	57
30	57
50	30
57	30
50	57
50	57
57	17
50	17
50	58
58	57
50	57
32	12
30	12
32	30
30	40
32	30
32	40
34	31
32	31
32	34
31	34
32	31
32	34
34	24
32	24
32	34
32	30
34	30
32	34
32	30
32	34
30	34
32	4
32	31
31	4
32	4
32	30
30	4
32	4
4	17
32	17
32	4
17	4
32	17
32	30
32	31
31	30
32	30
32	31
30	31
17	31
32	31
32	17
32	29
24	29
32	24
32	29
29	24
32	24
32	29
32	30
29	30
32	29
30	29
32	30
30	17
32	30
32	17
32	30
17	30
32	17
28	15
15	1
28	1
28	16
1	16
28	1
28	16
16	1
28	1
14	1
28	14
28	1
33	11
28	11
28	33
28	11
28	33
11	33
28	15
33	15
28	33
28	15
28	33
15	33
28	16
28	33
33	16
28	16
28	33
16	33
14	33
28	14
28	33
28	33
9	33
28	9
28	15
28	11
11	15
28	15
28	11
15	11
28	16
28	11
11	16
28	16
28	11
16	11
28	25
28	11
11	25
28	11
11	3
28	3
28	11
3	11
28	3
11	14
28	11
28	14
28	11
28	8
11	8
28	11
28	8
8	11
28	15
28	16
15	16
28	15
28	16
16	15
28	15
15	3
28	3
28	15
28	14
15	14
28	15
28	14
14	15
28	15
28	8
15	8
28	16
28	3
16	3
28	16
3	16
28	3
28	16
28	8
16	8
28	25
28	3
25	3
28	25
3	25
28	3
28	25
28	8
25	8
3	8
28	8
28	3
28	8
28	3
8	3
42	20
40	20
40	42
42	12
40	42
40	12
12	42
40	42
40	12
40	35
42	35
40	42
40	42
40	25
42	25
40	23
23	42
40	42
40	42
42	7
40	7
40	10
42	10
40	42
40	20
40	12
20	12
40	20
40	12
12	20
40	20
25	20
40	25
40	20
40	3
3	20
40	20
40	23
23	20
40	20
48	20
40	48
40	20
10	20
40	10
40	20
40	56
56	20
40	12
40	25
12	25
25	12
40	12
40	25
40	23
40	12
23	12
40	48
40	12
48	12
40	51
40	12
12	51
51	12
40	51
40	12
40	56
56	12
40	12
40	35
35	25
40	25
40	28
25	28
40	25
40	28
40	3
28	3
40	28
40	3
3	28
38	25
40	38
40	25
40	3
40	25
25	3
40	3
3	25
40	25
40	23
40	25
25	23
40	23
23	25
40	25
40	48
48	25
40	25
40	0
25	0
40	25
40	51
40	25
51	25
25	7
40	25
40	7
40	10
25	10
40	25
40	23
40	3
3	23
40	0
40	23
23	0
40	23
40	51
51	23
40	23
40	7
23	7
40	23
40	56
56	23
40	48
40	51
48	51
40	48
40	51
51	48
48	7
40	48
40	7
40	48
48	10
40	10
40	51
51	7
40	7
40	51
40	56
56	51
40	51
40	22
51	22
10	7
40	10
40	7
49	34
34	27
49	27
49	34
49	27
27	34
49	31
13	31
49	13
31	13
49	31
49	13
49	13
49	24
13	24
24	13
49	13
49	24
49	27
13	27
49	13
27	13
49	27
49	13
31	4
49	31
49	4
49	27
27	4
49	4
49	17
4	17
49	4
17	4
49	17
49	4
27	31
49	27
49	31
17	31
49	17
49	31
49	27
24	27
49	24
49	27
27	24
49	24
27	17
49	27
49	17
34	18
34	19
18	19
34	13
34	19
19	13
34	3
34	19
19	3
34	3
34	19
3	19
34	14
34	19
19	14
34	24
34	19
24	19
34	29
29	19
34	19
30	19
34	30
34	19
34	27
49	27
34	49
34	27
27	49
34	49
30	49
34	30
34	49
18	45
34	18
34	45
34	18
45	18
34	45
34	18
34	3
18	3
34	18
34	3
3	18
34	18
34	14
18	14
34	31
34	18
18	31
34	18
34	29
18	29
34	18
18	27
34	27
34	18
34	27
27	18
34	18
34	59
18	59
34	18
34	59
59	18
34	29
45	29
34	45
34	27
45	27
34	45
34	27
27	45
34	45
34	30
45	30
34	45
34	59
45	59
34	45
34	59
59	45
34	45
34	3
34	13
3	13
34	14
34	13
14	13
34	31
34	13
13	31
34	31
31	13
34	13
34	24
34	13
13	24
34	24
34	13
24	13
34	13
34	29
13	29
34	13
34	29
29	13
34	27
34	13
13	27
34	27
34	13
27	13
34	3
34	27
3	27
34	3
34	27
27	3
34	3
34	30
30	3
34	31
34	14
14	31
34	31
34	14
31	14
34	31
34	29
31	29
34	31
34	27
31	27
34	31
34	27
27	31
34	31
34	30
31	30
34	31
34	30
30	31
34	31
17	31
34	17
34	24
34	29
24	29
34	24
34	27
24	27
34	24
34	27
27	24
34	24
30	24
34	30
34	27
29	27
34	29
34	27
27	29
34	29
34	29
34	30
29	30
30	29
34	29
34	30
34	27
34	30
27	30
34	27
30	27
34	30
34	27
34	17
27	17
30	17
34	17
34	30
34	17
34	30
17	30
67	20
12	20
67	12
20	39
67	39
67	20
67	39
39	20
67	20
19	20
67	20
67	19
20	40
67	20
67	40
40	20
67	20
67	40
25	20
67	20
67	25
67	20
20	26
67	26
67	20
67	26
26	20
67	39
12	39
67	12
19	12
67	12
67	19
12	40
67	12
67	40
40	12
67	12
67	40
67	12
64	12
67	64
25	12
67	12
67	25
67	39
19	39
67	19
67	39
64	39
67	64
67	39
39	25
67	25
67	39
25	39
67	25
67	39
39	26
67	26
67	39
26	39
67	26
21	19
67	19
67	21
19	25
67	19
67	25
25	19
67	19
67	25
64	40
67	40
67	64
53	40
67	40
67	53
40	25
67	40
67	25
25	40
67	40
67	25
64	21
67	21
67	64
64	53
67	53
67	64
53	64
67	53
67	64
64	25
67	64
67	25
64	26
67	26
67	64
25	21
67	21
67	25
25	26
67	26
67	25
26	25
67	26
67	25
42	20
18	20
18	42
42	1
18	1
18	42
18	19
42	19
18	42
23	42
18	23
18	42
18	20
19	20
18	19
18	20
25	20
18	25
18	20
3	20
18	3
18	20
23	20
18	23
18	1
18	28
28	1
1	21
18	21
18	1
18	21
18	1
21	1
1	16
18	16
18	1
16	1
18	16
18	1
1	25
18	1
18	25
25	1
18	1
18	25
14	1
18	14
18	1
18	63
18	1
63	1
18	1
23	1
18	23
52	1
18	1
18	52
41	33
18	41
18	33
18	11
41	11
18	41
11	41
18	11
18	41
41	28
18	28
18	41
41	16
18	16
18	41
18	8
41	8
18	41
18	27
41	27
18	41
33	11
18	11
18	33
18	11
11	33
18	33
33	28
18	28
18	33
28	33
18	28
18	33
18	45
45	33
18	33
18	21
21	33
18	33
44	33
18	44
18	33
18	16
33	16
18	33
18	16
16	33
18	33
25	33
18	25
18	33
18	14
14	33
18	33
63	33
18	63
18	33
18	27
27	33
18	33
18	59
59	33
18	33
11	28
18	11
18	28
28	11
18	11
18	28
11	16
18	16
18	11
18	16
18	11
16	11
11	25
18	11
18	25
25	11
18	11
18	25
18	11
11	3
18	3
3	11
18	11
18	3
11	14
18	14
18	11
18	11
18	8
11	8
18	11
18	8
8	11
18	11
18	59
59	11
18	34
34	19
18	19
18	21
18	19
21	19
19	25
18	19
18	25
25	19
18	19
18	25
19	3
18	19
18	3
18	19
3	19
18	3
18	14
18	19
19	14
18	19
18	23
19	23
18	0
18	19
19	0
29	19
18	19
18	29
18	44
44	28
18	28
28	16
18	16
18	28
18	16
16	28
18	28
25	28
18	25
18	28
28	3
18	3
18	28
3	28
18	3
18	28
18	14
28	14
18	28
18	14
14	28
18	28
28	8
18	8
18	28
18	69
18	28
69	28
18	27
27	28
18	28
18	45
18	34
34	45
18	45
18	34
45	34
34	3
18	34
18	3
34	14
18	14
18	34
34	31
18	34
18	31
31	34
18	34
18	31
34	29
18	34
18	29
18	27
34	27
18	34
18	27
18	34
27	34
34	59
18	34
18	59
18	34
18	59
59	34
18	45
18	44
44	45
18	45
18	29
45	29
18	45
18	27
45	27
18	45
18	27
27	45
18	45
45	59
18	59
18	45
18	59
59	45
21	16
18	16
18	21
18	16
18	21
16	21
18	21
25	21
18	25
21	3
18	21
18	3
3	21
18	21
18	3
18	14
18	21
21	14
18	14
14	21
18	21
18	21
18	63
63	21
18	31
18	21
21	31
31	21
18	31
18	21
18	0
21	0
18	21
18	27
18	21
21	27
44	16
18	16
18	44
44	3
18	3
18	44
18	8
18	44
44	8
18	69
18	44
69	44
18	27
44	27
18	44
18	27
27	44
18	44
18	59
18	44
59	44
16	25
18	16
18	25
18	16
18	25
25	16
18	16
16	3
18	3
3	16
18	16
18	3
18	16
18	8
16	8
18	16
18	23
16	23
18	16
18	23
23	16
18	0
18	16
16	0
18	0
0	16
18	16
18	27
18	16
16	27
18	27
27	16
18	16
18	16
18	59
59	16
18	3
18	25
25	3
3	25
18	3
18	25
25	14
18	14
18	25
18	14
14	25
18	25
25	8
18	8
18	25
25	31
18	31
18	25
18	23
18	25
25	23
23	25
18	23
18	25
18	0
25	0
18	25
25	29
18	29
18	25
3	23
18	3
18	23
18	69
18	3
69	3
18	27
3	27
18	3
18	27
27	3
18	3
18	14
18	31
14	31
31	14
18	14
18	31
18	5
18	14
14	5
18	14
18	36
36	14
23	63
18	63
18	23
18	63
18	52
63	52
52	63
18	63
18	52
18	59
18	8
59	8
18	5
18	31
31	5
18	69
18	31
69	31
18	31
18	29
31	29
18	27
27	31
18	31
23	5
18	5
18	23
18	0
23	0
18	23
23	29
18	29
18	23
18	27
27	23
18	23
29	5
18	5
18	29
18	27
27	5
18	5
18	69
18	27
69	27
18	69
18	27
27	69
18	27
29	27
18	29
18	27
27	29
18	29
45	18
45	33
18	33
27	33
45	27
45	33
45	59
45	33
59	33
34	18
45	18
45	34
18	34
45	18
45	34
34	29
45	29
45	34
34	27
45	27
45	34
27	34
45	27
45	34
34	30
45	30
45	34
45	30
45	34
30	34
34	59
45	59
45	34
45	59
59	34
45	34
45	18
18	29
45	29
18	27
45	18
45	27
27	18
45	18
45	27
45	59
18	59
45	18
45	59
45	18
59	18
29	27
45	27
45	29
27	29
45	27
45	29
29	30
45	29
45	30
30	29
45	29
45	30
45	27
45	30
27	30
30	27
45	27
45	30
64	39
12	39
64	12
64	35
64	12
35	12
12	40
64	12
64	40
40	12
64	12
64	40
12	38
64	12
64	38
38	12
64	12
64	38
64	25
64	12
12	25
25	12
64	25
64	12
12	23
64	12
64	23
23	12
64	12
64	23
12	37
64	12
64	37
37	12
64	12
64	37
64	12
64	48
48	12
64	12
64	51
12	51
51	12
64	12
64	51
26	12
64	26
64	12
64	10
12	10
64	12
56	12
64	12
64	56
54	12
64	54
64	12
64	53
64	39
53	39
64	39
64	25
39	25
25	39
64	39
64	25
23	39
64	39
64	23
64	39
48	39
64	48
64	26
39	26
64	39
64	26
64	39
26	39
64	10
39	10
64	39
64	35
40	35
64	40
64	35
64	53
53	35
64	35
35	25
64	25
64	35
23	35
64	23
64	35
37	35
64	37
64	35
29	35
64	29
64	35
64	54
54	35
64	67
64	40
67	40
64	53
53	40
64	40
40	38
64	38
64	40
38	40
64	38
64	40
64	25
40	25
64	40
25	40
64	25
64	40
40	3
64	3
64	40
40	23
64	23
64	40
23	40
64	23
64	40
40	48
64	48
64	40
48	40
64	48
64	40
40	51
64	40
64	51
51	40
64	40
64	51
64	40
40	7
64	7
64	10
40	10
64	40
40	56
64	40
64	56
56	40
64	40
64	56
64	54
54	40
64	40
64	55
64	40
55	40
64	53
64	67
67	53
64	21
53	21
64	53
64	21
38	21
64	38
64	21
64	25
25	21
64	21
21	3
64	3
64	21
3	21
64	3
64	21
48	21
64	48
64	21
64	54
54	21
64	21
64	55
55	21
64	53
64	25
53	25
64	53
53	51
64	51
64	53
53	57
64	57
64	53
64	57
57	53
64	53
64	10
53	10
64	53
64	55
53	55
64	53
55	53
64	55
38	25
64	25
64	38
64	23
64	38
23	38
29	38
64	29
64	38
38	51
64	38
64	51
64	10
38	10
64	38
64	25
64	3
25	3
3	25
64	25
64	3
64	25
64	23
25	23
64	25
23	25
64	23
64	25
37	25
64	37
64	25
48	25
64	48
25	29
64	25
64	29
64	25
51	25
64	51
64	26
25	26
64	25
26	25
64	26
64	25
25	7
64	25
64	7
64	10
64	25
25	10
64	25
64	54
54	25
64	25
64	55
55	25
3	23
64	3
64	23
64	26
26	3
64	3
64	63
64	55
55	63
64	61
64	63
61	63
23	5
64	5
64	23
23	37
64	23
64	37
37	23
64	23
64	37
23	29
64	29
64	23
64	23
64	51
23	51
51	23
64	23
64	51
64	26
23	26
64	23
26	23
64	26
64	23
64	23
64	7
23	7
64	10
23	10
64	23
23	56
64	23
64	56
56	23
64	23
64	56
64	54
54	23
64	23
29	5
64	29
64	5
51	37
64	37
64	51
56	37
64	37
64	56
54	37
64	54
64	37
55	37
64	55
64	37
48	51
64	48
64	51
51	48
64	48
64	51
48	7
64	48
64	7
48	10
64	10
64	48
64	55
64	48
48	55
51	7
64	51
64	7
56	51
64	51
64	56
64	54
54	51
64	51
64	55
55	51
64	51
64	26
64	10
26	10
26	56
64	26
64	56
64	26
54	26
64	54
64	26
64	55
55	26
64	10
7	10
64	7
64	10
10	7
64	7
64	10
64	55
55	10
56	61
64	61
64	56
64	61
61	56
64	56
21	15
21	1
1	15
15	1
21	15
21	1
21	18
18	1
21	1
21	16
1	16
21	1
21	16
16	1
21	1
21	3
3	1
21	1
14	1
21	1
21	14
33	15
21	15
21	33
21	15
15	33
21	33
21	18
21	33
18	33
21	16
33	16
21	33
21	16
16	33
21	33
14	33
21	33
21	14
27	33
21	27
21	33
21	18
18	19
21	19
21	16
16	19
21	19
21	3
19	3
21	19
21	3
3	19
21	19
19	14
21	19
21	14
21	0
19	0
21	19
30	19
21	19
21	30
21	16
21	15
15	16
16	15
21	16
21	15
21	3
21	15
15	3
21	15
15	14
21	14
21	15
14	15
21	14
21	15
15	31
21	31
31	15
21	15
21	31
21	15
15	0
21	0
21	16
18	16
21	18
21	3
21	18
18	3
21	3
21	18
3	18
18	14
21	18
21	14
18	31
21	18
21	31
18	0
21	0
21	18
18	27
21	18
21	27
27	18
21	18
21	27
21	3
21	16
16	3
21	3
21	16
3	16
21	16
21	0
16	0
21	16
21	0
0	16
21	16
21	27
16	27
21	16
27	16
21	27
21	3
3	27
21	27
21	3
27	3
21	27
21	3
30	3
21	30
14	31
21	31
21	14
31	14
21	31
21	14
27	31
21	27
21	31
21	31
21	30
31	30
30	31
21	31
21	30
21	27
21	30
27	30
30	27
21	27
21	30
33	11
13	33
13	11
13	33
13	11
11	33
33	15
13	33
13	15
13	33
15	33
13	15
13	33
33	16
13	16
13	33
16	33
13	16
13	33
13	27
27	33
11	15
13	11
13	15
13	11
13	15
15	11
11	16
13	11
13	16
13	11
16	11
13	16
13	49
15	49
13	15
15	16
13	16
13	15
16	15
13	16
13	15
15	31
13	31
13	15
31	15
13	31
13	15
15	24
13	15
13	24
27	15
13	27
13	15
13	49
49	31
13	31
13	49
13	31
31	49
13	49
49	24
13	24
13	49
49	27
13	27
13	49
27	49
13	27
16	24
13	16
13	24
24	16
13	16
13	24
13	27
16	27
13	16
27	16
13	27
13	16
31	29
13	31
13	29
27	31
13	27
13	31
24	29
13	29
13	24
24	27
13	27
13	24
13	27
27	24
13	24
29	27
13	27
13	29
27	29
13	27
13	29
27	2
13	2
13	27
65	12
12	20
65	20
20	39
65	39
65	20
39	20
65	39
65	20
20	40
65	20
65	40
40	20
65	20
65	40
67	20
65	67
65	20
25	20
65	25
65	20
48	20
65	20
65	48
65	56
56	20
65	20
65	20
65	54
54	20
65	12
65	39
12	39
12	40
65	12
65	40
65	12
40	12
65	40
65	12
67	12
65	67
65	12
64	12
65	64
12	38
65	12
65	38
38	12
65	12
65	38
25	12
65	12
65	25
65	12
65	63
63	12
12	23
65	12
65	23
65	12
23	12
65	23
65	12
65	48
48	12
65	51
65	12
12	51
51	12
65	51
65	12
66	12
65	12
65	66
65	12
65	70
70	12
65	12
56	12
65	56
65	12
54	12
65	54
67	39
65	39
65	67
64	39
65	39
65	64
65	53
65	39
53	39
65	39
65	25
39	25
25	39
65	39
65	25
69	39
65	39
65	69
65	39
48	39
65	48
65	67
65	40
67	40
64	40
65	40
65	64
65	53
53	40
65	40
65	25
40	25
65	40
25	40
65	25
65	40
40	48
65	40
65	48
48	40
65	40
65	48
40	51
65	51
65	40
40	56
65	56
65	40
56	40
65	56
65	40
54	40
65	40
65	54
65	40
65	55
55	40
40	22
65	22
65	40
49	27
65	49
65	27
27	49
65	49
65	27
65	67
65	64
67	64
64	67
65	67
65	64
65	67
65	21
67	21
65	53
65	67
67	53
65	25
65	67
67	25
65	67
65	69
67	69
65	67
65	66
66	67
67	70
65	67
65	70
68	67
65	67
65	68
64	21
65	21
65	64
65	53
64	53
65	64
65	53
53	64
65	64
64	38
65	38
65	64
65	25
64	25
65	64
64	63
65	63
65	64
64	23
65	23
65	64
64	48
65	48
65	64
65	51
64	51
65	64
65	56
64	56
65	64
64	54
65	54
65	64
64	55
65	55
65	64
55	64
65	55
65	64
65	53
53	21
65	21
38	21
65	21
65	38
65	25
25	21
65	21
65	63
63	21
65	21
48	21
65	21
65	48
21	27
65	21
65	27
65	21
65	70
70	21
54	21
65	21
65	54
55	21
65	21
65	55
65	53
65	25
53	25
65	53
65	51
53	51
65	53
65	66
66	53
65	53
53	55
65	55
65	53
55	53
65	55
38	25
65	25
65	38
38	51
65	51
65	38
70	38
65	38
65	70
65	38
65	68
68	38
65	25
48	25
65	48
65	51
65	25
51	25
65	25
65	68
68	25
65	25
54	25
65	54
65	25
55	25
65	55
65	25
61	25
65	61
65	63
55	63
65	55
65	51
51	23
65	23
65	27
65	69
69	27
65	27
65	69
27	69
66	69
65	66
65	69
65	68
65	69
68	69
65	51
48	51
65	48
66	48
65	48
65	66
65	48
65	70
70	48
65	48
65	68
68	48
65	51
65	70
70	51
65	51
65	56
56	51
65	51
54	51
65	54
65	51
55	51
65	55
65	51
51	22
65	22
65	66
65	68
66	68
65	66
65	68
68	66
65	68
65	70
68	70
55	54
65	54
65	55
65	22
54	22
65	54
64	39
53	39
53	64
39	25
53	25
53	39
25	39
53	25
53	39
39	10
53	10
53	39
64	35
53	35
53	64
53	4
32	4
53	32
53	57
57	32
53	32
53	40
53	64
64	40
40	25
53	25
53	40
25	40
53	25
53	40
40	0
53	0
53	40
40	51
53	40
53	51
51	40
53	40
53	51
40	10
53	10
53	40
53	40
53	55
55	40
64	21
53	21
53	64
64	25
53	25
53	64
53	51
53	64
64	51
53	57
64	57
53	64
64	10
53	10
53	64
64	55
53	55
53	64
55	64
53	55
53	64
53	21
25	21
53	25
53	21
21	0
53	0
25	0
53	0
53	25
51	25
53	25
53	51
25	10
53	10
53	25
53	4
53	57
57	4
55	51
53	51
53	55
33	28
44	33
44	28
44	33
28	33
44	28
44	33
44	18
18	33
44	33
44	45
45	33
44	16
44	33
33	16
44	16
44	33
16	33
44	33
27	33
44	27
44	18
44	28
18	28
44	16
28	16
44	28
44	16
16	28
44	28
44	3
28	3
44	28
44	3
3	28
44	28
28	8
44	28
44	8
44	27
27	28
44	28
18	45
44	18
44	45
45	18
44	18
44	45
44	16
18	16
44	18
44	3
18	3
44	18
44	3
44	18
3	18
18	8
44	18
44	8
18	27
44	27
44	18
27	18
44	27
44	18
44	27
44	45
45	27
27	45
44	27
44	45
44	16
44	3
16	3
44	16
44	3
3	16
44	16
44	8
16	8
44	16
24	16
44	24
44	16
16	27
44	27
44	16
27	16
44	27
44	3
3	27
44	27
44	3
27	3
44	27
24	27
44	27
44	24
27	24
44	27
44	24
39	20
16	20
16	39
20	19
16	20
16	19
19	20
16	20
16	19
3	20
16	20
16	3
20	8
16	20
16	8
16	20
20	23
16	23
16	20
23	20
16	23
20	10
16	10
16	20
10	20
16	10
16	20
16	1
16	11
11	1
16	15
16	1
1	15
15	1
16	15
16	1
16	1
16	28
28	1
16	1
1	21
16	21
16	1
16	21
21	1
16	1
1	25
16	25
25	1
16	1
16	25
16	1
16	3
3	1
16	1
23	1
16	23
33	11
16	11
16	33
16	11
16	33
11	33
33	15
16	15
16	33
16	15
15	33
16	33
33	28
16	28
16	33
28	33
16	28
16	33
16	21
16	33
21	33
13	33
16	13
16	33
16	47
16	33
47	33
25	33
16	25
16	33
9	33
16	33
16	9
27	33
16	33
16	27
16	15
11	15
16	11
16	15
16	11
15	11
11	28
16	28
16	11
28	11
16	28
16	11
13	11
16	13
16	11
16	25
11	25
16	11
25	11
16	25
16	11
11	3
16	3
16	11
3	11
16	3
16	11
16	11
11	8
16	8
16	11
8	11
16	8
23	11
16	11
16	23
11	7
16	7
16	11
16	10
11	10
16	11
16	39
16	19
19	39
16	39
39	38
16	38
38	39
16	39
16	38
16	25
16	39
39	25
25	39
16	25
16	39
16	10
39	10
16	39
16	19
16	21
21	19
19	13
16	13
16	19
19	25
16	25
16	19
19	3
16	3
16	19
16	19
16	23
19	23
16	19
16	23
23	19
16	15
15	28
16	28
28	15
16	15
16	28
16	15
21	15
16	21
16	15
15	13
16	13
16	15
16	13
13	15
16	15
16	47
15	47
16	15
16	47
47	15
16	15
16	25
15	25
16	15
16	25
25	15
16	15
15	3
16	3
16	15
15	8
16	8
16	15
15	0
16	0
16	47
16	28
47	28
25	28
16	25
16	28
16	28
28	3
16	3
3	28
16	28
16	3
28	8
16	28
16	8
16	28
16	27
27	28
38	21
16	21
16	38
16	25
16	21
25	21
21	3
16	3
16	21
3	21
16	3
16	21
16	21
16	23
23	21
21	0
16	0
16	21
21	27
16	21
16	27
16	13
16	3
3	13
16	24
16	13
13	24
24	13
16	24
16	13
13	27
16	13
16	27
27	13
16	13
16	27
38	25
16	25
16	38
16	38
16	23
23	38
38	0
16	0
16	38
16	10
38	10
16	38
16	25
16	3
25	3
16	25
3	25
16	3
16	25
9	25
16	9
25	8
16	25
16	8
16	25
16	23
25	23
16	25
23	25
16	23
16	25
16	0
25	0
16	10
16	25
25	10
3	8
16	3
16	8
16	3
16	8
8	3
3	23
16	3
16	23
3	27
16	3
16	27
27	3
16	3
16	27
9	23
16	23
16	9
23	9
16	23
16	9
23	8
16	23
16	8
16	10
16	8
8	10
16	10
16	8
10	8
16	24
16	23
23	24
16	0
23	0
16	23
27	23
16	27
16	23
16	10
23	10
16	23
16	7
16	10
7	10
16	7
16	10
10	7
38	25
25	12
38	12
38	51
51	12
38	12
38	39
38	41
41	39
41	40
38	41
38	40
38	39
39	40
38	40
38	25
38	39
39	25
38	25
25	39
38	39
38	25
40	25
38	40
38	25
38	21
25	21
38	0
38	21
21	0
38	25
16	25
38	16
38	25
25	16
38	16
38	0
16	0
38	16
38	0
0	16
38	16
38	25
38	0
25	0
38	25
38	51
51	25
38	25
38	10
25	10
33	15
47	33
47	15
15	33
47	33
47	15
33	28
47	33
47	28
28	33
47	33
47	28
47	33
33	16
47	16
16	33
47	33
47	16
15	28
47	28
47	15
28	15
47	28
47	15
15	16
47	16
47	15
16	15
47	16
47	15
44	28
47	28
47	44
28	16
47	16
47	28
16	28
47	16
47	28
25	12
25	20
12	20
20	39
25	39
25	20
39	20
25	39
25	20
25	19
19	20
25	20
25	20
20	40
25	40
40	20
25	20
25	40
25	20
3	20
25	3
25	20
23	20
25	23
25	20
25	26
20	26
25	20
25	26
26	20
10	20
25	20
25	10
25	39
25	12
12	39
25	19
25	12
19	12
25	12
12	40
25	40
25	12
25	40
40	12
25	14
25	12
14	12
25	12
12	23
25	23
25	12
23	12
25	23
26	12
25	12
25	26
15	1
25	1
25	15
25	28
25	1
28	1
25	1
1	21
25	21
25	1
21	1
25	21
25	1
1	16
25	16
25	1
16	1
25	16
25	1
3	1
25	3
25	14
25	1
14	1
25	1
23	1
25	23
33	11
25	33
25	11
25	33
25	11
11	33
33	15
25	33
25	15
25	33
25	15
15	33
33	28
25	33
25	28
25	33
25	28
28	33
25	33
21	33
25	21
25	33
33	16
25	16
25	33
16	33
25	16
25	33
25	14
14	33
25	11
11	15
25	15
25	11
25	15
15	11
25	28
25	11
11	28
28	11
25	28
25	11
25	11
11	16
25	16
25	11
16	11
25	16
25	11
11	3
25	3
25	11
3	11
25	3
11	14
25	14
25	11
25	11
25	8
11	8
25	11
25	8
8	11
11	7
25	11
25	7
25	19
25	39
19	39
25	39
16	39
25	16
25	39
23	39
25	23
25	39
39	26
25	26
25	39
25	26
26	39
25	39
39	10
25	10
25	19
25	21
21	19
25	19
19	3
25	3
25	19
3	19
25	3
25	14
25	19
19	14
25	19
19	23
25	23
25	19
19	0
25	0
25	19
25	29
29	19
25	28
15	28
25	15
28	15
25	28
25	15
21	15
25	15
25	21
15	16
25	15
25	16
16	15
25	15
25	16
15	3
25	15
25	3
25	14
25	15
15	14
25	14
14	15
25	15
15	8
25	8
25	15
25	31
25	15
15	31
31	15
25	31
25	15
15	0
25	15
25	0
25	26
25	15
26	15
40	28
25	28
25	40
28	16
25	28
25	16
25	28
16	28
25	16
25	28
28	3
25	3
25	28
3	28
25	3
25	14
25	28
28	14
25	14
25	28
14	28
28	8
25	28
25	8
40	3
25	40
25	3
40	23
25	40
25	23
23	40
25	40
25	23
40	0
25	40
25	0
25	7
25	40
40	7
40	10
25	40
25	10
21	16
25	21
25	16
16	21
25	21
25	16
21	3
25	21
25	3
3	21
25	21
25	3
25	14
25	21
21	14
25	14
14	21
25	21
25	31
25	21
21	31
31	21
25	31
25	21
21	0
25	0
25	21
16	3
25	16
25	3
3	16
25	16
25	3
25	8
25	16
16	8
16	23
25	16
25	23
23	16
25	16
25	23
16	0
25	0
25	16
0	16
25	0
25	16
16	10
25	10
25	16
10	16
25	10
25	16
3	8
25	8
25	3
25	8
8	3
25	3
3	23
25	23
25	3
26	3
25	26
25	3
25	14
25	31
14	31
25	14
31	14
25	31
25	8
23	8
25	23
25	8
25	26
26	8
25	29
25	31
31	29
23	0
25	0
25	23
23	29
25	29
25	23
25	26
23	26
25	23
26	23
25	26
25	23
25	7
25	23
23	7
25	7
10	7
25	10
19	20
3	20
3	19
18	20
3	20
3	18
3	16
3	20
20	16
3	16
3	20
16	20
25	20
3	20
3	25
3	8
20	8
3	20
3	23
3	20
23	20
3	11
3	1
11	1
3	21
1	21
3	1
3	21
3	1
21	1
3	16
1	16
3	1
3	16
16	1
3	1
1	25
3	25
3	1
25	1
3	25
3	1
3	28
11	28
3	11
28	11
3	28
3	11
3	11
11	18
3	18
3	11
18	11
3	18
3	11
13	11
3	13
3	16
11	16
3	11
3	16
3	11
16	11
11	25
3	11
3	25
25	11
3	11
3	25
3	8
3	11
11	8
18	19
3	19
3	18
3	21
3	19
21	19
19	13
3	19
3	13
19	25
3	25
3	19
25	19
3	25
3	19
3	23
3	19
19	23
3	28
18	28
3	18
28	16
3	16
3	28
3	16
3	28
16	28
28	25
3	28
3	25
25	28
3	28
3	25
3	8
28	8
3	28
3	28
3	27
27	28
3	21
18	21
3	18
3	21
21	18
3	18
3	16
18	16
3	18
3	25
18	25
3	18
3	23
18	23
3	18
18	27
3	27
3	18
27	18
3	27
3	18
21	16
3	16
3	21
3	16
3	21
16	21
3	21
3	25
25	21
3	21
3	27
21	27
3	16
3	13
13	16
3	16
16	13
3	13
13	27
3	27
3	13
27	13
3	27
3	13
13	2
3	2
3	13
3	16
16	25
3	25
3	16
3	25
25	16
3	8
3	16
16	8
3	16
3	23
16	23
3	16
3	23
23	16
3	16
3	27
16	27
27	16
3	16
3	27
3	8
25	8
3	25
3	23
3	25
25	23
3	23
3	25
23	25
3	23
27	23
3	27
25	12
14	12
14	25
15	1
14	1
14	15
14	1
14	28
28	1
14	1
14	21
1	21
14	1
14	21
21	1
14	1
1	25
14	25
25	1
14	1
14	25
33	15
14	33
14	15
14	33
14	15
15	33
33	28
14	28
14	33
14	28
14	33
28	33
14	21
14	33
21	33
13	33
14	13
14	33
25	33
14	33
14	25
11	15
14	15
14	11
15	28
14	28
14	15
28	15
14	28
14	15
21	15
14	21
14	15
14	13
15	13
14	15
14	13
14	15
13	15
14	25
14	15
15	25
14	25
14	15
25	15
14	31
14	15
15	31
31	15
14	31
14	15
25	28
14	28
14	25
14	21
14	25
25	21
14	21
14	31
21	31
31	21
14	21
14	31
14	13
14	31
13	31
31	13
14	13
14	31
25	31
14	31
14	25
14	31
31	5
14	5
15	1
63	1
63	15
1	21
63	1
63	21
21	1
63	1
63	21
6	1
63	1
63	6
52	1
63	1
63	52
33	15
63	33
63	15
63	33
15	33
63	15
63	33
21	33
63	21
63	9
33	9
63	33
63	9
63	33
9	33
21	15
63	15
63	21
63	9
15	9
63	15
15	6
63	6
63	15
63	15
63	52
15	52
52	15
63	15
63	52
63	9
52	9
63	52
1	16
9	1
9	16
16	1
9	1
9	16
1	25
9	1
9	25
25	1
9	1
9	25
9	1
9	23
23	1
33	28
9	28
9	33
9	28
28	33
9	33
9	33
9	16
16	33
25	33
9	33
9	25
28	25
9	28
9	25
25	28
9	28
9	25
9	28
9	23
23	28
16	25
9	16
9	25
9	16
9	25
25	16
9	23
9	16
16	23
9	23
9	16
23	16
9	23
9	25
25	23
9	23
23	25
9	25
32	30
62	30
62	32
30	32
62	30
62	32
62	13
62	34
34	13
62	34
34	14
62	14
34	31
62	34
62	31
62	34
31	34
62	31
34	24
62	34
62	24
62	34
34	29
62	29
62	34
34	27
62	27
62	34
27	34
62	27
62	34
34	30
62	30
62	34
62	30
30	34
62	13
14	13
62	14
62	13
13	31
62	31
62	13
31	13
62	31
62	13
62	24
13	24
62	13
62	24
24	13
62	13
13	29
62	29
62	13
29	13
62	29
62	13
13	27
62	27
62	13
27	13
62	27
14	31
62	14
62	31
31	14
62	14
62	31
31	4
62	4
62	31
27	4
62	27
62	4
30	4
62	30
62	4
31	29
62	29
62	31
27	31
62	27
62	31
62	30
62	31
31	30
30	31
62	30
62	31
62	24
24	29
62	29
62	24
24	27
62	27
62	24
27	24
62	27
29	27
62	27
62	29
27	29
62	27
62	29
29	30
62	30
62	29
30	29
62	30
62	29
62	27
62	30
27	30
30	27
62	27
62	30
31	15
15	49
31	49
31	21
31	15
21	15
31	13
31	15
15	13
31	13
31	15
13	15
31	15
31	14
15	14
31	15
31	14
14	15
31	27
27	50
31	50
31	13
49	13
31	49
13	49
31	13
31	49
31	4
31	49
49	4
30	49
31	49
31	30
31	34
31	13
34	13
31	34
34	14
31	14
62	34
31	34
31	62
31	34
34	29
31	29
31	34
34	27
31	27
31	34
27	34
31	27
31	34
34	30
31	30
31	34
30	34
31	30
31	21
31	14
21	14
31	21
31	14
14	21
31	21
21	30
31	30
31	21
30	21
31	30
31	13
31	14
14	13
62	13
31	13
31	62
31	13
31	29
13	29
31	13
31	29
29	13
31	62
31	14
62	14
31	14
31	5
14	5
31	62
31	4
62	4
31	4
30	4
31	30
31	62
31	29
62	29
31	62
62	30
31	30
29	5
31	5
31	29
30	5
31	5
31	30
31	29
29	30
31	30
30	29
31	29
31	30
42	20
23	42
23	20
42	12
23	42
23	12
12	42
23	42
23	12
42	1
23	42
23	1
23	42
23	39
42	39
23	42
23	35
42	35
23	42
23	40
42	40
23	42
23	40
40	42
42	16
23	42
23	16
23	42
23	25
42	25
42	26
23	42
23	26
23	42
23	26
26	42
23	42
42	7
23	7
23	42
42	10
23	10
23	42
23	56
42	56
23	20
20	12
23	12
23	20
12	20
23	12
20	39
23	39
23	20
39	20
23	39
23	20
20	19
23	20
23	19
19	20
23	20
23	19
23	40
20	40
23	20
40	20
23	40
23	20
23	20
23	16
20	16
16	20
23	20
23	16
25	20
23	20
23	25
23	30
23	20
30	20
23	20
20	26
23	26
23	20
23	26
26	20
20	10
23	20
23	10
10	20
23	20
23	10
12	11
23	11
23	12
11	12
23	11
23	12
23	39
12	39
23	12
23	35
23	12
35	12
12	19
23	12
23	19
19	12
23	12
23	19
23	40
12	40
23	12
23	40
40	12
23	12
23	25
23	12
12	25
25	12
23	25
23	12
23	63
23	12
63	12
12	37
23	37
23	12
23	37
37	12
23	12
23	12
12	51
23	51
51	12
23	12
23	51
30	12
23	30
23	12
23	10
23	12
12	10
23	56
56	12
23	12
23	11
23	1
11	1
1	21
23	1
23	21
23	1
21	1
23	21
1	16
23	1
23	16
16	1
23	1
23	16
1	25
23	25
23	1
25	1
23	25
23	1
23	63
23	1
63	1
9	1
23	9
23	1
11	16
23	11
23	16
23	11
16	11
23	16
11	25
23	11
23	25
23	9
23	11
11	9
23	37
11	37
23	11
11	10
23	11
23	10
23	39
23	25
39	25
25	39
23	39
23	25
23	35
37	35
23	37
23	29
29	35
23	35
16	19
23	16
23	19
19	25
23	25
23	19
23	9
28	9
23	28
9	28
23	9
23	28
28	8
23	8
23	28
23	40
23	25
40	25
23	40
25	40
23	25
40	0
23	40
23	0
23	40
40	51
23	51
30	40
23	30
23	40
23	40
40	7
23	7
23	40
23	56
56	40
21	16
23	16
23	21
16	21
23	16
23	21
16	38
23	16
23	38
23	16
23	38
38	16
16	25
23	25
23	16
23	25
23	16
25	16
23	9
23	16
16	9
23	9
9	16
23	16
23	8
23	16
16	8
16	24
23	16
23	24
24	16
23	16
23	24
16	0
23	0
23	16
0	16
23	0
23	16
16	10
23	10
23	16
10	16
23	10
23	16
38	25
23	25
23	38
23	9
23	25
9	25
25	8
23	8
23	25
23	37
23	25
37	25
23	0
23	25
25	0
23	29
25	29
23	25
23	30
30	25
23	25
25	26
23	25
23	26
26	25
23	25
23	26
25	7
23	25
23	7
63	9
23	63
23	9
23	8
23	26
26	8
23	5
29	5
23	29
23	5
30	5
23	30
37	51
23	37
23	51
23	37
51	37
23	51
23	37
23	26
26	37
23	56
23	37
37	56
30	24
23	30
23	24
23	26
23	24
24	26
23	30
23	29
29	30
30	29
23	30
23	29
23	30
30	51
23	51
23	56
56	51
23	51
37	35
37	12
35	12
37	12
37	25
12	25
25	12
37	12
37	25
37	23
12	23
37	12
37	23
37	12
23	12
37	51
37	12
12	51
37	51
51	12
37	12
37	12
56	12
37	56
37	39
39	25
37	25
37	39
25	39
37	25
37	35
35	25
37	25
37	23
23	35
37	35
37	23
37	25
25	23
37	23
23	25
37	25
37	51
37	23
23	51
37	51
37	23
51	23
37	23
23	56
37	56
37	51
56	51
37	56
44	28
69	28
69	44
28	3
69	28
69	3
3	28
69	28
69	3
27	28
69	28
69	27
44	3
69	3
69	44
44	27
69	27
69	44
27	44
69	27
69	44
3	27
69	3
69	27
27	3
69	3
69	27
27	31
69	27
69	31
11	16
24	16
24	11
24	16
16	11
24	11
24	8
24	11
11	8
24	13
19	13
24	19
24	29
29	19
24	19
24	13
24	16
13	16
24	13
24	16
16	13
24	13
24	29
13	29
24	13
24	29
29	13
24	27
24	13
13	27
27	13
24	27
24	13
24	13
24	2
2	13
24	8
24	16
16	8
24	29
24	16
29	16
24	27
24	16
16	27
24	27
27	16
24	16
29	27
24	27
24	29
27	29
24	27
24	29
24	2
24	29
2	29
24	27
27	2
24	2
24	27
24	2
2	27
48	20
12	20
48	12
20	39
48	20
48	39
39	20
48	20
48	39
48	20
20	40
48	40
40	20
48	20
48	40
48	20
25	20
48	25
48	20
10	20
48	10
12	39
48	39
48	12
12	40
48	40
48	12
40	12
48	40
48	12
25	12
48	25
48	12
51	12
48	51
48	12
48	25
39	25
48	39
25	39
48	25
48	39
48	10
39	10
48	39
48	25
40	25
48	40
25	40
48	25
48	40
40	51
48	40
48	51
48	40
48	51
51	40
48	7
48	40
40	7
48	10
40	10
48	40
48	40
55	40
48	55
25	21
48	25
48	21
48	25
51	25
48	51
48	7
25	7
48	25
48	10
25	10
48	25
48	7
48	51
51	7
48	51
55	51
48	55
48	7
48	10
10	7
29	25
29	35
35	25
29	19
19	13
29	13
30	19
29	19
29	30
29	27
13	27
29	13
27	13
29	27
29	13
29	25
16	25
29	16
29	25
25	16
29	16
29	24
24	16
29	16
29	25
30	25
29	30
29	5
27	5
29	27
30	5
29	5
29	30
29	5
29	58
58	5
29	27
29	30
27	30
29	27
30	27
29	30
29	58
29	30
58	30
51	12
12	40
51	40
51	12
40	12
51	40
25	12
51	12
51	25
51	12
12	23
51	23
51	12
51	23
23	12
51	12
12	37
51	37
51	12
37	12
51	37
30	12
51	12
51	30
23	40
51	23
51	40
40	48
51	40
51	48
48	40
51	40
51	48
30	40
51	30
51	40
51	23
51	25
25	23
51	23
23	25
51	25
51	37
51	25
37	25
25	7
51	25
51	7
23	37
51	23
51	37
37	23
51	23
51	37
23	30
51	23
51	30
30	23
51	23
51	30
51	23
51	7
23	7
33	28
27	33
27	28
28	33
27	33
27	28
27	18
27	33
18	33
27	45
27	33
45	33
27	13
13	33
27	33
44	33
27	33
27	44
27	16
27	33
33	16
27	16
27	33
16	33
27	13
27	15
13	15
27	15
27	16
15	16
16	15
27	15
27	16
27	31
27	15
15	31
27	31
27	15
31	15
27	31
50	31
27	50
27	31
27	50
31	50
50	30
27	30
27	50
27	30
27	50
30	50
27	17
17	50
27	50
27	57
50	57
27	50
27	57
57	50
27	50
27	18
27	28
18	28
27	44
27	28
44	28
28	16
27	16
27	28
27	16
16	28
27	28
27	3
28	3
27	28
27	3
3	28
27	28
27	28
69	28
27	69
49	34
27	49
27	34
27	49
27	34
34	49
27	49
27	13
49	13
13	49
27	49
27	13
27	49
27	4
49	4
27	49
27	31
49	31
27	49
27	31
31	49
27	49
27	24
49	24
30	49
27	49
27	30
27	49
27	17
49	17
27	49
27	17
17	49
34	18
27	18
27	34
27	18
18	34
27	34
27	34
27	45
34	45
27	34
27	45
45	34
34	13
27	13
27	34
34	3
27	3
27	34
62	34
27	62
27	34
34	31
27	31
27	34
31	34
27	31
27	34
34	24
27	24
27	34
27	29
34	29
27	34
34	30
27	34
27	30
27	34
30	34
27	30
34	17
27	17
27	34
27	17
17	34
27	34
18	45
27	18
27	45
27	18
27	45
45	18
27	18
27	44
18	44
27	18
27	44
44	18
27	18
27	16
18	16
27	3
27	18
18	3
27	3
27	18
3	18
27	31
27	18
18	31
27	18
27	23
18	23
27	5
27	18
18	5
18	69
27	18
27	69
27	29
27	18
18	29
27	45
27	44
44	45
27	29
27	45
45	29
27	45
45	30
27	30
27	13
27	16
13	16
27	13
27	16
16	13
27	13
27	3
3	13
62	13
27	62
27	13
27	31
27	13
13	31
31	13
27	31
27	13
27	13
27	24
13	24
27	13
24	13
27	24
27	29
27	13
13	29
27	29
27	13
29	13
27	13
27	2
13	2
27	13
27	2
2	13
44	16
27	16
27	44
44	3
27	3
27	44
27	44
69	44
27	69
27	24
27	44
44	24
27	3
27	16
16	3
27	3
27	16
3	16
27	16
27	23
16	23
27	16
27	23
23	16
27	16
27	24
16	24
27	16
24	16
27	24
27	3
3	23
27	23
27	3
69	3
27	69
27	3
30	3
27	30
27	62
27	4
62	4
27	31
27	4
31	4
27	4
30	4
27	30
27	17
27	4
4	17
27	17
17	4
27	4
27	62
27	31
62	31
27	62
27	31
31	62
27	62
62	24
27	24
27	62
27	29
62	29
27	62
62	30
27	30
27	31
27	5
31	5
27	31
69	31
27	69
27	31
27	29
31	29
27	31
27	30
31	30
27	31
30	31
27	30
17	31
27	31
27	17
27	31
27	57
57	31
23	5
27	5
27	23
27	29
23	29
27	23
23	30
27	23
27	30
30	23
27	23
27	30
29	5
27	29
27	5
30	5
27	5
27	30
27	17
27	5
17	5
27	29
24	29
27	24
30	24
27	24
27	30
27	2
24	2
27	24
27	29
29	30
27	30
30	29
27	29
27	30
27	29
27	2
2	29
30	17
27	17
27	30
27	17
17	30
27	30
27	57
27	30
30	57
27	57
57	30
27	30
27	17
27	57
17	57
27	17
27	57
57	17
27	17
27	2
17	2
27	17
27	2
2	17
30	12
12	20
30	20
30	19
19	20
30	20
3	20
30	3
30	20
30	23
23	20
30	20
30	19
30	12
19	12
32	12
30	32
30	12
30	40
30	12
12	40
30	40
30	12
40	12
30	12
30	25
12	25
30	12
25	12
30	25
30	23
30	12
12	23
30	23
30	12
23	12
30	12
30	51
12	51
30	12
51	12
30	51
30	19
34	19
30	34
30	19
30	21
21	19
30	19
30	3
19	3
30	19
30	3
3	19
30	19
19	4
30	4
30	23
30	19
19	23
30	29
30	19
29	19
30	31
50	31
30	50
30	31
30	50
31	50
30	27
27	50
30	50
30	17
17	50
30	50
50	57
30	50
30	57
57	50
30	50
30	57
30	40
30	32
32	40
30	32
32	34
30	34
30	32
32	4
30	4
30	32
32	31
30	31
32	29
30	32
30	29
30	32
30	17
32	17
30	32
30	17
17	32
30	40
30	25
40	25
30	40
30	23
23	40
49	34
30	49
30	34
30	49
30	34
34	49
30	49
30	4
49	4
30	49
49	31
30	31
30	49
30	31
31	49
30	49
49	27
30	27
30	49
27	49
30	27
30	17
30	49
49	17
30	17
30	49
17	49
34	3
30	3
30	34
34	31
30	31
30	34
31	34
30	31
30	34
34	24
30	24
30	34
30	29
34	29
30	34
34	27
30	27
30	34
30	27
27	34
30	34
30	17
34	17
30	34
30	17
17	34
30	34
21	3
30	21
30	3
30	21
3	21
30	3
30	21
30	31
21	31
31	21
30	21
30	31
30	21
30	27
21	27
30	25
30	3
25	3
30	25
30	3
3	25
30	23
30	25
25	23
30	23
30	25
23	25
30	29
29	25
30	25
30	23
3	23
30	3
30	27
30	3
3	27
27	3
30	27
30	3
30	3
3	22
30	22
31	4
30	31
30	4
30	27
27	4
30	4
30	17
4	17
30	4
30	17
17	4
30	4
30	5
31	5
30	31
30	29
31	29
30	31
30	27
30	31
31	27
27	31
30	27
30	31
17	31
30	17
30	31
30	31
57	31
30	57
23	5
30	5
30	23
30	23
30	24
23	24
30	29
30	23
23	29
30	23
30	51
23	51
30	23
51	23
30	51
30	23
30	27
27	23
30	5
30	29
29	5
30	5
27	5
30	27
30	5
30	17
17	5
30	29
30	24
24	29
30	24
24	27
30	27
30	24
30	27
27	24
30	29
29	27
30	27
30	29
27	29
30	27
30	17
27	17
30	27
30	17
30	27
17	27
30	27
27	57
30	57
57	27
30	27
30	57
30	17
17	57
30	57
30	17
57	17
30	57
42	20
26	42
26	20
26	12
20	12
26	20
26	12
12	20
26	20
20	39
26	39
26	20
39	20
26	39
26	20
20	19
26	19
26	20
19	20
26	19
26	20
26	25
25	20
26	20
26	3
3	20
26	20
20	8
26	20
26	8
26	23
20	23
26	20
26	23
23	20
26	20
20	10
26	10
26	20
10	20
26	10
26	20
26	56
56	20
26	20
26	12
12	19
26	19
26	12
26	19
19	12
26	25
26	12
12	25
26	25
26	12
25	12
26	23
26	12
12	23
26	23
26	12
23	12
26	12
26	10
12	10
26	25
39	25
26	39
26	25
25	39
26	39
26	25
19	25
26	19
26	3
26	19
19	3
26	23
26	19
19	23
26	23
26	19
23	19
26	25
15	25
26	15
26	25
25	15
26	15
15	8
26	15
26	8
28	25
26	25
26	28
26	3
28	3
26	28
26	3
3	28
26	28
28	8
26	28
26	8
26	25
26	3
25	3
26	25
26	3
3	25
26	25
25	8
26	8
26	23
26	25
25	23
26	23
26	25
23	25
26	25
37	25
26	37
3	8
26	3
26	8
26	10
8	10
26	8
26	23
23	10
26	10
17	27
17	50
27	50
50	30
17	30
17	50
17	30
17	50
30	50
50	57
17	50
17	57
57	50
17	50
17	57
32	4
17	4
17	32
32	30
17	30
17	32
30	32
17	30
17	32
17	34
17	49
34	49
49	27
17	27
17	49
27	49
17	27
17	49
30	49
17	30
17	49
34	27
17	34
17	27
17	34
27	34
17	27
17	34
34	30
17	30
17	34
17	30
30	34
17	31
17	4
31	4
17	4
17	30
30	4
17	31
31	5
17	5
17	31
17	30
31	30
17	31
17	30
30	31
30	5
17	30
17	5
17	30
17	27
27	30
30	27
17	30
17	27
17	27
27	57
17	57
57	27
17	27
17	57
17	30
17	57
30	57
17	30
57	30
17	57
42	12
66	12
66	42
66	12
12	42
66	42
23	42
66	23
66	42
66	12
66	23
23	12
66	12
12	37
66	37
66	12
37	12
66	37
66	12
66	48
48	12
68	67
66	68
66	67
23	37
66	23
66	37
37	23
66	23
66	37
66	69
66	68
68	69
50	32
57	32
57	50
57	53
57	50
50	53
57	50
50	4
57	4
57	50
50	31
57	31
57	50
57	31
31	50
50	29
57	29
57	50
57	27
57	50
27	50
50	30
57	50
57	30
57	50
57	30
30	50
57	50
57	17
50	17
57	50
57	17
17	50
57	58
57	50
58	50
57	53
57	32
53	32
32	4
57	32
57	4
32	31
57	32
57	31
32	30
57	32
57	30
30	32
57	32
57	30
57	32
32	17
57	17
53	4
57	53
57	4
31	4
57	4
57	31
57	27
27	4
57	4
30	4
57	30
57	4
4	17
57	4
57	17
17	4
57	4
57	17
31	5
57	31
57	5
31	29
57	29
57	31
57	27
31	27
57	31
27	31
57	27
57	31
57	30
57	31
31	30
30	31
57	30
57	31
17	31
57	17
57	31
29	5
57	29
57	5
27	5
57	27
57	5
30	5
57	30
57	5
17	5
57	17
57	5
29	27
57	27
57	29
27	29
57	27
57	29
29	30
57	29
57	30
30	29
57	29
57	30
57	27
57	30
27	30
57	27
30	27
57	30
27	17
57	27
57	17
57	27
17	27
57	17
30	17
57	30
57	17
17	30
57	30
57	17
33	11
59	11
59	33
59	11
59	33
11	33
59	33
59	18
18	33
45	33
59	33
59	45
44	33
59	33
59	44
33	16
59	33
59	16
16	33
59	33
59	16
33	9
59	33
59	9
9	33
59	33
59	9
59	33
60	33
59	60
11	18
59	11
59	18
18	11
59	11
59	18
11	16
59	11
59	16
16	11
59	11
59	16
11	8
59	11
59	8
59	11
8	11
59	8
34	18
59	34
59	18
18	34
59	34
59	18
59	34
59	45
34	45
59	34
45	34
59	45
18	45
59	45
59	18
45	18
59	45
59	18
18	44
59	18
59	44
44	18
59	18
59	44
18	16
59	16
59	18
18	8
59	8
59	18
44	45
59	45
59	44
44	16
59	16
59	44
44	8
59	8
59	44
59	8
16	8
59	16
70	38
12	38
70	12
70	38
38	12
70	12
70	48
48	12
70	12
51	12
70	12
70	51
70	38
38	21
70	21
48	21
70	48
70	21
38	51
70	38
70	51
48	51
70	48
70	51
10	20
10	16
20	16
10	20
16	20
10	16
10	16
16	8
10	8
16	7
10	7
10	16
56	12
12	20
56	20
20	40
56	40
56	20
40	20
56	40
56	20
23	20
56	23
56	20
12	40
56	40
56	12
56	40
56	12
40	12
56	12
23	12
56	23
12	37
56	37
56	12
56	37
37	12
56	12
56	12
56	51
12	51
51	12
56	12
56	51
40	23
56	40
56	23
23	40
56	40
56	23
40	51
56	40
56	51
56	40
51	40
56	51
23	37
56	37
56	23
37	23
56	37
56	23
51	23
56	23
56	51
56	37
51	37
56	51
2	29
13	29
2	13
2	29
2	13
29	13
13	27
2	13
2	27
27	13
2	13
2	27
29	27
2	29
2	27
27	29
2	29
2	27
27	17
2	17
2	27
50	32
58	32
58	50
50	4
58	4
58	50
58	31
50	31
58	50
50	29
58	29
58	50
50	30
58	30
58	50
58	17
58	50
50	17
58	57
50	57
58	50
58	57
57	50
58	50
32	4
58	32
58	4
32	31
58	32
58	31
32	30
58	32
58	30
30	32
58	32
58	30
58	32
32	17
58	17
58	32
58	57
57	32
58	31
31	4
58	4
30	4
58	4
58	30
4	17
58	4
58	17
17	4
58	4
58	17
58	57
57	4
58	4
58	31
31	5
58	5
58	31
31	29
58	29
58	31
58	30
31	30
58	31
30	31
58	30
17	31
58	31
58	17
58	31
58	57
57	31
29	5
58	5
58	29
30	5
58	5
58	30
58	5
17	5
58	17
58	57
58	5
57	5
29	30
58	29
58	30
30	29
58	29
58	30
58	57
57	29
58	29
30	17
58	17
58	30
17	30
58	17
58	30
58	57
57	30
58	30
58	57
57	17
58	17
15	1
52	1
52	15
52	63
52	1
63	1
52	63
52	15
63	15
15	9
52	9
52	15
63	9
52	63
52	9
68	67
68	65
65	67
68	67
68	66
66	67
68	65
65	69
68	69
68	65
65	66
68	66
68	65
65	70
68	70
38	25
68	38
68	25
48	25
68	25
68	48
66	69
68	66
68	69
54	12
12	20
54	20
19	20
54	19
54	20
20	40
54	40
54	20
40	20
54	40
54	20
25	20
54	25
54	20
23	20
54	23
54	20
54	30
30	20
54	20
54	26
20	26
54	20
54	26
26	20
54	20
54	12
54	35
35	12
54	12
19	12
54	19
12	40
54	12
54	40
40	12
54	12
54	40
25	12
54	12
54	25
54	12
23	12
54	23
12	37
54	12
54	37
37	12
54	12
54	37
51	12
54	12
54	51
30	12
54	30
54	12
23	35
54	23
54	35
37	35
54	37
54	35
21	19
54	19
54	21
19	25
54	19
54	25
25	19
54	19
54	25
19	23
54	19
54	23
30	19
54	30
54	19
21	15
54	15
54	21
15	25
54	15
54	25
25	15
54	15
54	25
15	37
54	37
54	15
54	26
54	15
26	15
40	25
54	25
54	40
25	40
54	25
54	40
40	23
54	23
54	40
23	40
54	23
54	40
40	51
54	40
54	51
40	22
54	22
54	40
25	21
54	21
54	25
54	30
54	21
21	30
30	21
54	30
54	21
54	23
54	25
25	23
23	25
54	23
54	25
54	37
37	25
54	25
51	25
54	25
54	51
25	26
54	26
54	25
26	25
54	26
54	25
23	37
54	37
54	23
37	23
54	37
54	23
51	23
54	23
54	51
23	30
54	30
54	23
30	23
54	30
54	23
51	37
54	37
54	51
51	22
54	22
54	51
55	64
64	40
55	40
55	53
53	40
55	40
40	25
55	25
55	40
25	40
55	25
55	40
40	51
55	51
55	40
51	40
55	51
55	40
40	10
55	10
55	40
64	53
55	53
55	64
55	53
55	64
53	64
55	64
64	63
55	63
55	64
55	51
64	51
25	21
55	21
55	25
55	53
55	51
53	51
55	37
37	25
55	25
51	25
55	51
55	25
25	26
55	25
55	26
26	25
55	25
55	26
25	10
55	10
55	25
55	37
51	37
55	51
11	25
61	11
61	25
25	11
61	11
61	25
11	14
61	11
61	14
64	63
61	63
61	64
61	56
61	64
64	56
25	14
61	14
61	25
14	25
61	14
61	25
15	1
43	1
43	15
1	16
43	16
43	1
16	1
43	16
43	1
14	1
43	1
43	14
15	16
43	16
43	15
16	15
43	16
43	15
15	14
43	14
43	15
14	15
43	14
43	15
