0	2
2	20
2	43
2	50
2	56
2	6
3	9
3	10
3	13
3	14
3	15
3	17
3	5
4	11
4	12
4	19
5	9
5	10
5	13
5	14
5	15
6	20
6	33
6	43
6	50
6	56
7	11
7	12
7	36
7	39
7	40
7	41
7	44
8	17
8	24
8	42
8	50
8	55
8	57
9	10
9	13
9	14
9	15
10	13
10	14
10	15
11	12
11	19
11	39
12	19
12	25
12	39
12	44
13	14
14	15
14	29
16	22
16	24
16	45
16	48
16	49
16	50
16	51
17	20
17	24
17	42
17	43
17	55
17	57
18	23
18	24
18	29
18	35
19	39
19	41
19	44
20	43
20	50
20	56
21	25
22	24
22	45
22	48
22	49
22	50
22	51
23	24
23	26
23	27
23	28
23	29
23	30
23	31
23	32
23	33
23	34
23	35
24	30
24	34
24	42
24	45
24	46
24	47
24	51
24	55
24	57
25	26
25	33
25	43
25	45
26	30
26	31
26	32
26	33
26	34
26	35
26	37
26	43
26	53
26	58
27	28
27	30
27	31
27	32
27	33
27	34
27	35
28	30
28	31
28	32
28	33
28	34
29	33
29	35
30	31
30	32
30	33
30	34
31	32
31	33
31	34
32	33
32	34
32	35
33	34
33	35
33	56
34	57
36	39
36	40
37	38
37	43
38	43
39	40
39	41
39	44
40	41
40	44
41	44
42	50
42	55
42	57
43	50
43	52
43	53
43	54
43	56
43	58
43	60
45	46
45	48
45	51
46	47
46	50
46	51
47	51
48	49
48	51
49	50
49	51
50	51
50	56
51	55
52	53
52	54
53	54
53	58
53	60
54	58
54	60
55	57
58	60
-----------
3	11
3	12
3	16
3	4
3	6
3	7
3	8
4	11
4	12
4	18
4	20
6	12
6	14
6	15
6	20
6	22
6	25
6	29
6	38
6	43
6	50
7	11
7	12
7	20
7	33
7	36
8	50
8	55
8	57
11	12
11	22
12	20
12	22
12	25
12	43
12	45
12	50
14	15
14	33
14	38
16	22
16	45
16	46
16	50
18	22
18	23
18	25
18	26
18	27
18	28
18	29
18	30
18	32
18	33
18	55
18	57
20	33
20	43
20	45
20	50
22	33
22	36
22	38
22	43
22	45
22	46
22	49
22	50
22	55
23	27
23	29
23	30
23	32
23	33
25	26
25	27
25	28
25	29
25	32
25	33
25	38
25	43
25	50
27	28
27	29
27	30
27	32
27	33
28	29
28	30
28	32
28	33
29	30
29	32
29	33
29	38
29	43
30	32
30	33
30	36
30	38
30	43
32	33
32	43
32	52
33	38
33	45
33	49
36	38
36	43
38	43
38	45
38	50
43	45
43	50
45	46
45	50
46	49
46	50
46	55
49	52
50	55
50	57
55	57
-----------
3	5
5	13
7	36
9	10
11	12
17	45
22	45
22	48
22	51
25	26
25	27
25	29
25	32
25	35
27	32
29	35
37	53
38	54
45	47
45	48
48	51
-----------
3	13
3	5
4	12
4	19
4	22
5	13
7	10
7	36
7	39
7	41
7	44
8	24
9	14
11	12
11	24
14	15
14	33
14	38
16	22
16	45
16	49
16	51
18	22
18	24
18	27
18	35
19	22
19	39
19	41
19	44
22	24
22	30
22	34
22	45
22	46
22	47
22	48
22	49
22	51
22	55
23	24
23	30
23	32
23	34
24	30
24	34
24	45
24	55
27	31
27	32
27	35
28	30
28	34
29	32
30	32
30	33
30	34
30	36
31	32
32	33
32	34
33	34
33	35
33	44
33	49
34	57
36	37
36	38
36	42
36	44
38	42
38	54
39	40
39	41
39	44
40	41
40	44
41	44
43	50
45	46
45	47
45	49
45	50
46	47
46	49
47	51
49	51
54	60
-----------
1	10
1	11
1	17
1	20
1	36
1	39
1	40
1	4
1	50
1	6
1	7
2	10
2	20
2	43
2	45
2	50
2	56
2	5
2	6
2	8
3	10
3	13
3	5
3	6
4	11
4	12
4	19
4	20
4	21
5	10
5	13
5	17
5	20
5	34
5	50
5	6
6	9
6	10
6	14
6	15
6	17
6	18
6	19
6	20
6	25
6	27
6	28
6	29
6	30
6	31
6	32
6	33
6	34
6	35
6	38
6	43
6	45
6	50
6	56
7	10
7	12
7	18
7	20
7	25
7	33
7	36
7	39
7	40
7	41
7	44
8	50
9	10
9	13
9	14
9	15
10	12
10	14
10	15
10	17
10	20
10	25
10	33
10	45
10	59
11	12
11	19
12	17
12	19
12	21
12	25
12	39
12	44
12	45
14	33
16	22
16	45
16	50
17	20
17	43
17	50
18	25
18	43
19	39
19	41
19	44
20	39
20	40
20	43
20	45
20	50
20	56
20	57
20	59
22	45
22	46
22	47
22	48
22	49
22	50
22	51
23	25
23	30
23	31
24	45
24	50
24	55
25	26
25	27
25	29
25	30
25	31
25	32
25	33
25	35
25	36
25	43
26	35
26	43
27	31
28	34
29	31
29	35
30	33
30	34
30	37
30	40
30	43
31	32
32	43
33	35
33	43
33	45
34	43
35	43
36	39
36	40
36	41
36	44
37	43
37	53
37	58
38	43
38	54
39	40
39	41
39	44
40	41
40	44
41	44
42	50
43	50
43	52
43	53
43	54
43	56
43	58
43	60
45	46
45	47
45	48
45	50
45	51
46	47
46	50
47	50
49	50
49	51
50	51
50	55
50	56
50	57
52	54
53	55
54	60
