0	16
0	19
1	0
1	5
1	16
1	19
1	21
1	23
1	25
2	1
2	5
2	13
2	16
2	17
2	27
2	29
3	0
3	1
3	2
3	5
3	8
3	11
3	12
3	13
3	16
3	18
3	19
3	20
3	21
3	23
3	25
3	27
3	28
4	0
4	5
4	10
4	17
6	1
6	9
6	27
6	33
7	0
7	10
8	10
8	11
8	16
9	1
9	15
9	16
9	23
9	25
9	28
9	33
10	0
10	7
10	11
10	16
10	20
11	1
11	3
11	7
11	8
11	9
11	10
11	12
11	13
11	14
11	15
11	16
11	18
11	24
11	25
11	28
11	31
11	33
11	34
11	37
11	41
12	7
12	10
12	11
12	14
12	15
12	16
12	19
12	20
12	23
12	25
12	33
12	37
12	38
12	39
12	40
12	42
13	2
13	3
13	5
13	11
13	14
13	15
13	16
13	24
13	27
13	29
13	31
13	33
13	34
13	49
14	1
14	5
14	12
14	13
14	15
14	21
14	25
14	28
14	31
14	33
15	0
15	1
15	3
15	5
15	6
15	8
15	9
15	11
15	13
15	14
15	16
15	18
15	23
15	24
15	25
15	27
15	28
15	31
15	33
15	36
15	37
15	44
15	45
15	47
15	49
15	52
15	59
16	0
16	1
16	3
16	7
16	8
16	10
16	11
16	13
16	15
16	19
16	20
16	21
16	23
16	25
16	27
16	28
16	33
16	38
16	39
16	45
16	47
17	2
17	4
17	5
17	30
17	31
18	0
18	1
18	2
18	3
18	5
18	8
18	11
18	12
18	14
18	16
18	19
18	20
18	21
18	23
18	25
18	27
18	28
18	29
18	31
18	33
18	34
18	36
18	41
18	42
18	44
18	45
18	52
18	59
18	63
18	69
19	0
19	1
19	3
19	4
19	12
19	13
19	14
19	20
19	23
19	25
19	39
20	0
20	8
20	10
20	12
20	16
20	19
20	23
20	25
20	26
20	39
20	40
21	0
21	1
21	3
21	14
21	15
21	16
21	18
21	19
21	27
21	30
21	31
21	33
22	0
22	2
22	3
22	4
22	7
22	10
22	12
22	17
22	19
23	0
23	1
23	5
23	7
23	9
23	10
23	11
23	12
23	16
23	19
23	20
23	25
23	27
23	29
23	30
23	35
23	37
23	39
23	40
23	42
23	52
23	63
24	2
24	8
24	11
24	13
24	16
24	19
24	27
24	29
25	0
25	1
25	3
25	4
25	5
25	7
25	8
25	10
25	11
25	12
25	14
25	15
25	16
25	19
25	20
25	21
25	23
25	26
25	28
25	29
25	31
25	33
25	39
25	40
26	0
26	1
26	3
26	4
26	5
26	8
26	9
26	10
26	12
26	14
26	15
26	19
26	20
26	22
26	23
26	25
26	28
26	33
26	39
26	40
26	56
27	2
27	3
27	4
27	5
27	6
27	11
27	12
27	13
27	14
27	15
27	16
27	17
27	18
27	23
27	24
27	25
27	28
27	29
27	30
27	31
27	33
27	34
27	44
27	45
27	49
27	62
27	69
28	0
28	1
28	3
28	8
28	11
28	14
28	15
28	16
28	18
28	19
28	25
28	27
28	33
29	0
29	2
29	5
29	13
29	16
29	19
29	21
29	24
29	25
29	27
29	30
29	31
29	32
29	34
29	35
29	38
29	58
30	3
30	4
30	5
30	12
30	14
30	17
30	19
30	20
30	21
30	23
30	25
30	27
30	29
30	31
30	32
30	34
30	40
30	49
31	4
31	5
31	13
31	14
31	15
31	21
31	29
31	30
31	34
31	49
31	62
32	4
32	6
32	12
32	17
32	20
32	21
32	22
32	23
32	24
32	25
32	29
32	30
32	31
32	33
32	34
32	37
32	40
33	1
33	9
33	11
33	15
33	16
33	28
34	3
34	4
34	5
34	6
34	13
34	14
34	17
34	18
34	19
34	24
34	25
34	27
34	29
34	30
34	31
34	37
34	45
34	59
35	0
35	7
35	12
35	14
35	25
35	28
35	33
36	14
36	46
36	49
37	12
37	23
37	25
37	35
37	39
37	40
38	0
38	4
38	10
38	12
38	21
38	25
38	39
38	40
38	41
38	47
38	51
38	54
38	55
38	56
39	10
39	20
39	25
39	26
39	37
39	38
39	40
39	42
40	0
40	3
40	7
40	10
40	12
40	20
40	21
40	22
40	23
40	25
40	28
40	35
40	37
40	38
40	39
40	42
40	44
40	48
40	49
40	51
40	56
41	1
41	3
41	8
41	11
41	12
41	13
41	15
41	16
41	18
41	19
41	23
41	25
41	26
41	27
41	28
41	29
41	33
41	36
41	37
41	38
41	39
41	40
41	47
41	49
41	51
42	0
42	1
42	7
42	10
42	12
42	19
42	20
42	23
42	25
42	26
42	35
42	39
42	40
42	54
43	1
43	9
43	14
43	15
43	16
43	33
44	3
44	8
44	16
44	18
44	24
44	27
44	28
44	33
44	41
44	45
45	18
45	27
45	29
45	30
45	33
45	34
45	59
46	14
46	21
46	22
46	29
46	35
47	1
47	8
47	9
47	11
47	12
47	13
47	15
47	16
47	23
47	28
47	33
47	37
47	38
47	42
47	44
47	45
47	63
48	7
48	10
48	12
48	20
48	21
48	25
48	39
48	40
48	51
49	4
49	5
49	11
49	13
49	17
49	24
49	27
49	29
49	31
49	34
50	4
50	12
50	17
50	21
50	29
50	30
50	31
50	32
50	34
50	37
50	38
50	39
50	40
50	42
50	48
50	49
50	51
50	53
50	55
50	56
50	57
50	58
50	59
51	7
51	12
51	20
51	22
51	23
51	25
51	30
51	35
51	37
51	38
51	39
51	40
51	48
52	1
52	9
52	15
52	63
53	0
53	4
53	10
53	12
53	21
53	25
53	32
53	35
53	39
53	40
53	51
53	55
53	57
53	64
54	9
54	12
54	15
54	19
54	20
54	21
54	22
54	23
54	25
54	26
54	30
54	35
54	37
54	38
54	39
54	40
54	42
54	48
54	51
54	53
54	55
54	56
55	10
55	12
55	19
55	20
55	21
55	22
55	23
55	25
55	26
55	33
55	37
55	38
55	39
55	40
55	51
55	53
55	54
55	56
55	63
55	64
56	12
56	20
56	23
56	37
56	38
56	39
56	40
56	42
56	51
56	54
56	55
56	61
57	4
57	5
57	6
57	12
57	17
57	27
57	29
57	30
57	31
57	32
57	50
57	53
58	4
58	5
58	17
58	29
58	30
58	31
58	32
58	50
58	57
59	8
59	9
59	11
59	15
59	16
59	18
59	25
59	33
59	34
59	44
59	45
59	60
60	33
60	59
60	63
61	11
61	14
61	25
61	36
61	44
61	55
61	56
61	59
61	63
61	64
62	4
62	13
62	14
62	24
62	27
62	29
62	30
62	31
62	32
62	34
62	45
62	49
63	1
63	6
63	9
63	12
63	15
63	21
63	33
63	52
64	3
64	5
64	7
64	10
64	12
64	21
64	23
64	25
64	26
64	29
64	35
64	37
64	38
64	39
64	40
64	48
64	51
64	53
64	54
64	55
64	56
64	57
64	61
64	63
64	67
65	11
65	12
65	20
65	21
65	22
65	23
65	25
65	27
65	38
65	39
65	40
65	48
65	49
65	51
65	53
65	54
65	55
65	56
65	61
65	63
65	64
65	66
65	67
65	68
65	69
65	70
66	12
66	23
66	37
66	38
66	39
66	42
66	48
66	51
66	53
66	54
66	55
66	56
66	65
66	67
66	68
66	69
67	12
67	19
67	20
67	21
67	25
67	26
67	39
67	40
67	53
67	64
68	25
68	38
68	48
68	53
68	61
68	63
68	64
68	65
68	66
68	67
68	69
68	70
69	3
69	20
69	27
69	28
69	31
69	39
69	44
70	12
70	21
70	38
70	39
70	48
70	51
70	54
70	55
70	56
70	64
70	66
70	67
70	68
-----------
0	1
0	3
0	7
0	16
1	15
1	16
1	21
1	25
3	1
3	2
3	8
3	10
3	11
3	13
3	15
3	16
3	18
3	20
3	21
3	22
3	25
3	26
3	28
4	6
4	17
4	24
6	2
6	4
7	10
8	3
8	10
8	20
8	22
8	23
8	26
9	1
9	7
9	8
9	10
9	11
9	12
9	16
9	20
9	23
9	25
9	26
9	28
9	33
9	37
10	7
10	8
10	16
10	20
10	26
11	0
11	1
11	3
11	4
11	7
11	8
11	9
11	10
11	12
11	14
11	15
11	16
11	18
11	20
11	21
11	23
11	24
11	25
11	26
11	28
11	33
11	37
12	3
12	8
12	10
12	11
12	19
12	20
12	22
12	23
12	25
12	26
12	37
12	40
12	42
12	51
13	2
13	5
13	15
13	16
13	19
13	24
13	27
13	49
14	11
14	12
14	15
14	36
15	1
15	12
15	14
15	16
15	20
15	31
15	33
15	37
16	0
16	1
16	3
16	7
16	8
16	9
16	10
16	11
16	12
16	13
16	15
16	19
16	20
16	21
16	22
16	23
16	24
16	25
16	26
16	33
16	38
16	39
16	42
17	4
17	5
17	27
17	30
17	32
17	34
17	49
17	50
17	57
18	21
18	34
18	45
18	59
19	3
19	4
19	8
19	10
19	12
19	13
19	20
19	23
19	25
19	26
19	35
19	39
20	8
20	10
20	12
20	16
20	19
20	23
20	26
20	40
21	0
21	1
21	3
21	12
21	15
21	16
21	19
21	25
22	8
23	1
23	3
23	8
23	9
23	10
23	11
23	12
23	16
23	19
23	20
23	21
23	22
23	24
23	25
23	26
23	28
23	30
23	37
23	38
23	40
23	42
23	51
23	56
24	3
24	8
24	11
24	13
24	16
24	20
24	23
24	25
24	26
24	27
24	29
25	0
25	1
25	3
25	8
25	12
25	16
25	23
25	26
25	39
26	3
26	8
26	10
26	12
26	16
26	19
26	20
26	22
26	23
26	25
26	28
26	37
26	42
27	2
27	13
27	15
27	16
27	17
27	24
27	30
27	31
27	34
27	49
27	50
27	57
28	3
28	8
28	9
28	11
28	23
28	25
28	26
28	33
28	35
28	37
29	16
29	24
29	25
29	30
29	35
29	42
30	3
30	12
30	17
30	22
30	23
30	24
30	25
30	26
30	27
30	28
30	29
30	31
30	32
30	33
30	34
30	35
30	37
30	40
30	41
30	49
30	50
30	51
30	53
30	55
30	57
31	15
31	27
31	34
31	50
32	4
32	6
32	17
32	24
32	27
32	29
32	30
32	31
32	34
32	35
32	38
32	40
33	25
33	28
33	35
33	38
33	42
33	47
34	18
34	24
34	27
34	30
34	31
34	45
34	49
34	57
34	59
35	25
35	28
35	29
35	33
35	37
35	39
35	40
35	42
35	59
37	12
37	15
37	23
37	25
37	35
37	39
37	51
37	56
38	0
38	16
38	25
38	33
38	39
38	40
38	41
38	47
39	10
39	20
39	25
39	26
39	35
39	37
39	38
39	40
39	42
39	48
40	7
40	12
40	20
40	25
40	30
40	35
40	38
40	41
40	42
40	48
40	51
40	63
41	30
41	37
41	38
41	39
41	40
41	42
41	44
41	48
41	51
41	53
41	54
41	55
41	56
41	63
41	64
42	10
42	12
42	16
42	20
42	23
42	25
42	26
42	33
42	35
42	38
42	39
42	40
42	56
42	61
42	63
44	28
44	34
44	38
44	41
44	47
44	61
45	33
45	56
45	59
47	28
47	33
47	37
47	38
47	42
47	44
47	63
48	40
48	41
48	51
48	55
49	13
49	27
49	30
49	34
49	50
49	57
49	58
49	59
50	30
50	31
50	34
50	49
50	57
50	58
51	12
51	23
51	30
51	37
51	40
51	41
51	48
51	53
51	55
51	56
51	57
52	1
52	12
52	63
53	40
53	51
53	55
53	56
53	57
53	63
53	64
55	40
55	48
55	51
55	53
55	54
55	57
55	63
55	64
56	12
56	40
56	45
56	51
56	53
56	59
56	60
56	61
56	63
57	17
57	27
57	30
57	31
57	34
57	41
57	49
57	50
57	51
57	53
57	55
57	58
57	64
58	29
58	49
58	50
58	53
58	57
59	18
59	45
59	60
59	63
60	56
60	59
60	63
61	42
61	56
61	63
61	64
62	30
62	32
63	38
63	41
63	42
63	45
63	47
63	51
63	53
63	55
63	56
63	57
63	58
63	59
63	60
63	61
63	64
63	65
63	68
63	69
63	70
64	3
64	7
64	10
64	12
64	23
64	25
64	26
64	30
64	35
64	38
64	40
64	41
64	44
64	48
64	51
64	53
64	55
64	56
64	57
64	61
64	63
64	67
65	12
65	23
65	30
65	38
65	51
65	53
65	54
65	55
65	56
65	63
65	64
65	66
65	67
65	68
65	69
65	70
66	67
66	68
66	69
66	70
67	40
67	53
67	55
67	64
67	69
67	70
68	65
68	66
68	67
68	69
68	70
69	44
69	63
69	65
69	66
69	67
69	68
69	70
70	63
-----------
0	16
0	38
0	39
0	40
0	55
0	56
1	6
1	9
1	15
1	16
1	21
1	25
1	28
1	33
1	43
1	44
1	52
1	61
1	63
2	13
2	17
2	24
2	27
2	29
2	34
3	11
3	13
3	16
3	18
3	19
3	20
3	21
3	22
3	23
3	25
3	27
3	28
3	30
3	33
3	36
3	39
3	44
3	45
3	51
3	60
3	61
3	69
4	17
4	23
4	27
4	30
4	31
4	32
4	37
4	38
4	49
4	50
4	53
4	57
4	58
4	62
5	23
5	24
5	27
5	29
5	30
5	31
5	32
5	37
5	42
5	45
5	49
5	50
5	53
5	57
5	58
5	62
5	64
5	67
6	1
6	2
6	4
6	17
6	43
6	62
8	3
8	11
8	15
8	19
8	28
8	44
8	48
8	59
9	7
9	19
9	23
9	25
9	28
9	30
9	33
9	35
9	36
9	44
9	45
9	48
9	52
9	59
10	7
10	8
10	9
10	16
10	20
10	28
10	38
10	39
10	40
10	42
10	44
10	48
10	53
10	55
10	64
10	69
11	3
11	7
11	8
11	14
11	15
11	16
11	18
11	25
11	28
11	33
11	37
11	41
11	60
11	61
12	20
12	30
12	32
12	36
12	37
12	38
12	39
12	40
12	42
12	44
12	48
12	50
12	51
12	53
12	54
12	55
12	56
12	57
12	64
12	65
12	66
12	70
13	6
13	11
13	15
13	16
13	24
13	27
13	29
13	31
13	33
13	45
13	49
13	62
13	69
14	1
14	3
14	5
14	7
14	8
14	9
14	11
14	12
14	13
14	15
14	16
14	18
14	19
14	21
14	23
14	25
14	26
14	27
14	28
14	29
14	31
14	33
14	34
14	35
14	36
14	37
14	43
14	46
14	47
14	49
14	56
14	60
14	61
14	62
14	65
14	69
15	0
15	1
15	3
15	6
15	8
15	9
15	11
15	13
15	14
15	16
15	21
15	24
15	25
15	26
15	28
15	29
15	31
15	33
15	35
15	36
15	37
15	41
15	43
15	45
15	47
15	49
15	52
15	54
15	55
15	60
15	61
15	63
16	0
16	1
16	3
16	8
16	9
16	10
16	11
16	13
16	15
16	18
16	21
16	23
16	24
16	25
16	27
16	28
16	33
16	38
16	41
16	43
16	44
16	47
16	60
16	61
17	2
17	4
17	5
17	6
17	13
17	27
17	30
17	31
17	32
17	34
17	49
17	50
17	57
17	58
17	62
18	0
18	1
18	3
18	5
18	8
18	11
18	13
18	14
18	16
18	19
18	20
18	21
18	23
18	25
18	27
18	28
18	29
18	31
18	33
18	34
18	36
18	41
18	42
18	44
18	45
18	52
18	55
18	59
18	61
18	63
18	64
18	65
18	67
18	69
18	70
19	0
19	3
19	4
19	12
19	13
19	14
19	16
19	20
19	21
19	23
19	25
19	39
20	26
20	39
20	40
20	42
20	48
20	54
20	56
21	0
21	1
21	3
21	14
21	15
21	16
21	18
21	19
21	27
21	30
21	31
21	33
21	37
21	38
21	39
21	40
21	42
21	44
21	46
21	48
21	50
21	51
21	53
21	54
21	55
21	56
21	59
21	61
21	63
21	65
21	67
21	68
21	70
22	39
22	40
22	46
22	48
22	51
22	53
22	54
22	55
22	56
22	65
23	0
23	1
23	4
23	5
23	7
23	8
23	9
23	12
23	14
23	15
23	16
23	18
23	20
23	21
23	24
23	25
23	26
23	28
23	29
23	30
23	33
23	34
23	35
23	37
23	38
23	39
23	40
23	42
23	43
23	45
23	47
23	51
23	53
23	54
23	55
23	56
23	61
23	63
23	64
23	65
23	66
23	70
24	2
24	13
24	16
24	19
24	26
24	27
24	29
24	34
24	47
24	49
24	62
25	0
25	1
25	3
25	7
25	8
25	9
25	10
25	11
25	12
25	13
25	14
25	15
25	16
25	18
25	19
25	20
25	21
25	23
25	26
25	27
25	28
25	29
25	31
25	33
25	35
25	37
25	38
25	39
25	40
25	42
25	48
25	51
25	53
25	54
25	55
25	61
25	64
25	65
25	66
25	67
25	68
25	70
26	8
26	15
26	20
26	25
26	31
26	37
26	39
26	42
26	48
26	51
26	54
26	55
26	56
26	67
26	70
27	2
27	3
27	4
27	5
27	6
27	9
27	13
27	16
27	17
27	18
27	19
27	23
27	24
27	28
27	29
27	30
27	31
27	33
27	34
27	41
27	44
27	45
27	49
27	50
27	57
27	59
27	62
27	69
28	1
28	3
28	8
28	9
28	11
28	14
28	15
28	16
28	33
28	36
28	44
28	45
28	47
28	49
28	59
28	60
28	62
28	69
29	5
29	13
29	19
29	27
29	30
29	35
29	37
29	38
29	50
29	56
29	57
29	58
30	0
30	3
30	4
30	5
30	6
30	7
30	8
30	9
30	12
30	13
30	17
30	19
30	20
30	21
30	22
30	23
30	24
30	27
30	29
30	31
30	32
30	34
30	38
30	45
30	49
30	50
30	51
30	54
30	57
30	58
30	62
30	69
31	4
31	5
31	12
31	13
31	14
31	15
31	17
31	21
31	25
31	27
31	29
31	30
31	32
31	33
31	34
31	36
31	38
31	44
31	49
31	50
31	57
31	58
31	62
31	68
31	69
32	4
32	12
32	17
32	30
32	31
32	49
32	50
32	51
32	53
32	56
32	58
33	9
33	11
33	15
33	16
33	18
33	28
33	47
33	60
34	3
34	13
34	14
34	17
34	18
34	19
34	24
34	27
34	29
34	30
34	31
34	44
34	45
34	46
34	49
34	59
34	62
34	69
35	12
35	14
35	15
35	23
35	42
35	44
35	46
35	53
35	60
35	64
36	3
36	14
36	15
36	28
37	4
37	5
37	8
37	10
37	11
37	12
37	15
37	21
37	23
37	25
37	26
37	35
37	51
37	54
37	55
37	56
38	0
38	4
38	7
38	10
38	12
38	16
38	21
38	25
38	29
38	41
38	44
38	51
38	65
38	68
39	0
39	3
39	10
39	12
39	19
39	20
39	21
39	22
39	23
39	25
39	26
39	51
39	64
39	66
39	69
39	70
40	0
40	3
40	7
40	10
40	12
40	20
40	22
40	23
40	25
40	28
40	42
40	48
40	51
40	53
40	54
40	55
40	56
40	64
40	65
40	67
40	70
41	8
41	11
41	15
41	16
41	18
41	27
41	28
41	33
41	37
41	38
41	42
41	44
41	47
41	60
42	1
42	3
42	5
42	7
42	10
42	12
42	16
42	18
42	19
42	20
42	21
42	26
42	35
42	39
42	40
42	41
42	51
42	54
42	55
42	56
42	60
42	61
42	66
42	67
42	68
43	1
43	12
43	14
43	15
43	16
43	23
43	49
43	52
44	3
44	8
44	10
44	16
44	18
44	24
44	27
44	28
44	33
44	34
44	35
44	36
44	45
45	3
45	18
45	27
45	28
45	29
45	30
45	33
45	34
45	44
45	59
45	69
46	14
46	21
46	22
46	29
46	35
46	36
46	57
46	70
47	14
47	15
47	16
47	18
47	24
47	28
47	33
47	41
47	61
48	1
48	7
48	9
48	10
48	11
48	12
48	20
48	21
48	22
48	25
48	26
48	37
48	39
48	40
48	51
48	55
48	64
48	65
48	70
49	4
49	13
49	15
49	16
49	17
49	24
49	27
49	31
50	4
50	5
50	17
50	21
50	29
50	30
50	31
50	32
50	38
50	53
50	57
51	3
51	7
51	12
51	21
51	22
51	23
51	25
51	37
52	1
52	9
52	12
52	15
52	16
52	18
52	33
52	37
52	63
53	0
53	4
53	10
53	21
53	22
53	25
53	32
53	35
53	37
53	39
53	40
53	50
53	51
53	57
53	58
53	64
54	12
54	15
54	19
54	20
54	21
54	22
54	23
54	25
54	26
54	30
54	35
54	37
54	40
54	51
54	64
54	65
55	10
55	15
55	21
55	25
55	26
55	37
55	40
55	51
56	12
56	20
56	21
56	23
56	29
56	32
56	37
56	40
56	51
57	4
57	5
57	17
57	27
57	29
57	30
57	31
57	32
57	50
57	53
57	58
58	4
58	5
58	17
58	29
58	30
58	31
58	32
58	50
58	57
59	8
59	9
59	11
59	16
59	18
59	21
59	28
59	33
59	34
59	44
59	45
59	60
59	61
59	69
60	3
60	11
60	14
60	15
60	16
60	18
60	28
60	33
60	35
60	42
61	1
61	3
61	9
61	11
61	14
61	15
61	16
61	18
61	21
61	25
61	28
61	33
61	44
61	47
62	3
62	4
62	5
62	6
62	8
62	13
62	14
62	16
62	17
62	24
62	25
62	27
62	28
62	29
62	30
62	31
62	34
63	1
63	3
63	6
63	9
63	12
63	15
63	18
63	21
63	33
63	52
64	0
64	3
64	5
64	7
64	10
64	12
64	21
64	23
64	25
64	26
64	28
64	29
64	35
64	37
64	38
64	39
64	40
64	48
64	51
64	53
64	54
64	55
64	56
65	10
65	12
65	14
65	20
65	21
65	22
65	25
65	27
65	35
65	38
65	39
65	40
65	48
65	49
65	51
65	53
65	54
65	55
65	56
65	61
65	63
65	64
65	66
65	67
65	68
65	69
65	70
66	12
66	23
66	25
66	29
66	37
66	42
66	48
66	53
67	11
67	12
67	18
67	19
67	20
67	21
67	25
67	26
67	35
67	37
67	38
67	39
67	40
67	42
67	44
67	51
67	54
67	56
67	64
67	66
67	68
67	69
67	70
68	21
68	25
68	29
68	35
68	38
68	42
68	48
69	3
69	9
69	10
69	11
69	18
69	27
69	28
69	31
69	33
69	39
69	44
69	45
70	12
70	14
70	21
70	26
70	38
70	48
70	49
70	51
